state	year	town	cd	g2012_USH_dv	g2012_USH_rv	g2012_USH_tv	cd2	g2012_USH_dv2	g2012_USH_rv2	g2012_USH_tv2	g2012_USS_dv	g2012_USS_rv	g2012_USS_tv	g2012_USP_dv	g2012_USP_rv	g2012_USP_tv
"CT"	2012	"Andover"	2	1029	505	1677.0					816	740	1706.0	976	774	1772.0
"CT"	2012	"Ansonia"	3	4336	1585	6362.0					3469	2532	6536.0	4273	2596	6967.0
"CT"	2012	"Ashford"	2	1397	507	2058.0					1146	781	2105.0	1331	803	2173.0
"CT"	2012	"Avon"	5	4306	5307	10028.0					4769	5361	10588.0	4830	5542	10477.0
"CT"	2012	"Barkhamsted"	1	1028	846	2005.0					897	1021	2057.0	1033	1033	2105.0
"CT"	2012	"Beacon Falls"	3	1519	1100	2802.0					1040	1603	2885.0	1300	1598	2959.0
"CT"	2012	"Berlin"	1	5586	3680	9984.0					4736	5094	10707.0	5499	5361	10984.0
"CT"	2012	"Bethany"	3	1805	1168	3108.0					1447	1514	3138.0	1615	1536	3190.0
"CT"	2012	"Bethel"	5	4048	4061	8678.0					4193	4191	9017.0	4777	4445	9333.0
"CT"	2012	"Bethlehem"	5	731	1075	1910.0					792	1224	2130.0	894	1272	2182.0
"CT"	2012	"Bloomfield"	1	9089	1459	10991.0					8880	1884	11360.0	9921	1925	11895.0
"CT"	2012	"Bolton"	2	1608	979	2757.0					1297	1307	2815.0	1433	1434	2911.0
"CT"	2012	"Bozrah"	2	756	356	1226.0					549	565	1243.0	648	606	1288.0
"CT"	2012	"Branford"	3	9102	3945	13702.0					7535	5340	13794.0	8301	5817	14262.0
"CT"	2012	"Bridgeport"	4	29805	4014	34877.0					28259	6022	41233.0	32135	5168	37476.0
"CT"	2012	"Bridgewater"	5	408	543	1003.0					430	554	1048.0	472	580	1064.0
"CT"	2012	"Bristol"	1	13865	7056	22551.0					12138	9885	23753.0	14146	10004	24429.0
"CT"	2012	"Brookfield"	5	3213	4734	8396.0					3611	4618	8708.0	3916	4941	8965.0
"CT"	2012	"Brooklyn"	2	2032	881	3205.0					1472	1479	3242.0	1743	1570	3381.0
"CT"	2012	"Burlington"	5	1963	2503	4769.0					2111	2538	4957.0	2357	2683	5098.0
"CT"	2012	"Canaan"	5	257	262	569.0					352	193	589.0	384	210	606.0
"CT"	2012	"Canterbury"	2	1415	823	2447.0					1007	1239	2476.0	1197	1294	2543.0
"CT"	2012	"Canton"	5	2537	2617	5444.0					2701	2595	5614.0	2967	2742	5791.0
"CT"	2012	"Chaplin"	2	638	288	973.0					492	429	1030.0	584	466	1074.0
"CT"	2012	"Cheshire"	5	7167	6385	14283.0					6836	6954	14595.0	7397	7311	14894.0
"CT"	2012	"Chester"	2	1383	481	2025.0					1220	652	2034.0	1380	707	2109.0
"CT"	2012	"Clinton"	2	3758	1983	6225.0					3070	2715	6358.0	3607	2926	6592.0
"CT"	2012	"Colchester"	2	4667	2262	7526.0					3495	3430	7608.0	4125	3579	7848.0
"CT"	2012	"Colebrook"	1	344	382	774.0					334	458	845.0	380	462	856.0
"CT"	2012	"Columbia"	2	1892	886	2966.0					1448	1308	3002.0	1715	1319	3077.0
"CT"	2012	"Cornwall"	5	434	361	865.0					561	249	866.0	629	250	883.0
"CT"	2012	"Coventry"	2	3760	1715	6005.0					3002	2526	6087.0	3538	2621	6285.0
"CT"	2012	"Cromwell"	1	3989	2365	6817.0					3504	3113	7129.0	4063	3193	7348.0
"CT"	2012	"Danbury"	5	12908	9708	24164.0					13446	10157	25353.0	15290	10590	26161.0
"CT"	2012	"Darien"	4	4097	6285	10528.0					3641	6632	10603.0	3777	7175	10973.0
"CT"	2012	"Deep River"	2	1505	658	2355.0					1288	906	2398.0	1479	932	2433.0
"CT"	2012	"Derby"	3	2912	1224	4367.0					2138	1908	4478.0	2509	1993	4555.0
"CT"	2012	"Durham"	3	2250	1508	3972.0					1799	1934	4014.0	2013	2043	4113.0
"CT"	2012	"East Granby"	1	1445	1074	2687.0					1183	1408	2790.0	1389	1448	2878.0
"CT"	2012	"East Haddam"	2	2633	1524	4488.0					2151	2005	4545.0	2471	2109	4662.0
"CT"	2012	"East Hampton"	2	3696	2171	6393.0					2985	3011	6567.0	3509	3138	6738.0
"CT"	2012	"East Hartford"	1	12794	2955	16918.0					11590	4655	17578.0	14149	4556	18855.0
"CT"	2012	"East Haven"	3	6975	2694	10731.0					5336	4261	10688.0	6533	4650	11302.0
"CT"	2012	"East Lyme"	2	4653	4256	9163.0					4980	3513	9091.0	5426	3886	9413.0
"CT"	2012	"East Windsor"	1	2987	1501	4640.0					2508	2180	4798.0	2857	2112	5026.0
"CT"	2012	"Eastford"	2	557	333	923.0					422	491	930.0	464	465	947.0
"CT"	2012	"Easton"	4	1911	2057	4056.0					1759	2214	4138.0	1841	2380	4266.0
"CT"	2012	"Ellington"	2	4157	2452	7186.0					3209	3498	7218.0	3598	3894	7606.0
"CT"	2012	"Enfield"	2	11273	4356	17044.0					8788	7098	17454.0	10152	7709	18156.0
"CT"	2012	"Essex"	2	2318	1293	3793.0					1989	1560	3804.0	2230	1701	3975.0
"CT"	2012	"Fairfield"	4	15192	12778	28684.0					14096	13474	28995.0	15283	14357	29940.0
"CT"	2012	"Farmington"	5	6108	6161	13009.0					6449	6224	13444.0	7013	6611	13782.0
"CT"	2012	"Franklin"	2	672	264	1012.0					458	451	1008.0	519	516	1055.0
"CT"	2012	"Glastonbury"	1	10142	6119	17127.0	2	557	387	1009	9049	8536	18621.0	10135	8809	19166.0
"CT"	2012	"Goshen"	5	416	1195	1740.0					637	990	1741.0	751	1017	1787.0
"CT"	2012	"Granby"	1	3018	2641	5994.0					2638	3171	6204.0	3079	3221	6378.0
"CT"	2012	"Greenwich"	4	13532	14021	28453.0					11926	15622	28476.0	13079	16456	29790.0
"CT"	2012	"Griswold"	2	3104	1084	4629.0					2135	2082	4669.0	2581	2166	4846.0
"CT"	2012	"Groton"	2	8822	3354	13088.0					7292	4872	13186.0	8384	5367	13964.0
"CT"	2012	"Guilford"	3	7993	3636	12228.0					6803	4749	12355.0	7411	5170	12693.0
"CT"	2012	"Haddam"	2	2468	1628	4490.0					2029	2139	4557.0	2346	2230	4646.0
"CT"	2012	"Hamden"	3	19520	4886	25392.0					17411	6983	25784.0	19181	7482	26900.0
"CT"	2012	"Hampton"	2	659	272	990.0					514	415	997.0	601	413	1029.0
"CT"	2012	"Hartford"	1	27175	1532	31149.0					27433	2718	33123.0	31735	2138	34037.0
"CT"	2012	"Hartland"	1	425	634	1136.0					358	734	1174.0	414	778	1205.0
"CT"	2012	"Harwinton"	5	980	1946	3117.0					1143	1820	3183.0	1260	1924	3244.0
"CT"	2012	"Hebron"	2	2880	1692	4906.0					2113	2398	4914.0	2606	2471	5143.0
"CT"	2012	"Kent"	5	858	658	1622.0					993	538	1635.0	1080	606	1706.0
"CT"	2012	"Killingly"	2	3601	1400	5605.0					2642	2490	5734.0	3259	2663	6040.0
"CT"	2012	"Killingworth"	2	2090	1350	3657.0					1690	1768	3710.0	1921	1840	3816.0
"CT"	2012	"Lebanon"	2	2064	997	3347.0					1548	1562	3376.0	1812	1608	3475.0
"CT"	2012	"Ledyard"	2	3882	2034	6436.0					3057	2834	6502.0	3564	3209	6900.0
"CT"	2012	"Lisbon"	2	1277	447	1943.0					904	830	1969.0	1125	890	2050.0
"CT"	2012	"Litchfield"	5	1334	2882	4503.0					1911	2353	4530.0	2156	2408	4640.0
"CT"	2012	"Lyme"	2	845	512	1443.0					794	560	1457.0	856	593	1473.0
"CT"	2012	"Madison"	2	5566	4093	10060.0					4957	4804	10252.0	5293	5193	10533.0
"CT"	2012	"Manchester"	1	14478	5767	21995.0					13249	7721	22700.0	15565	7961	23869.0
"CT"	2012	"Mansfield"	2	6468	1484	8734.0					6080	2145	8979.0	6941	2193	9363.0
"CT"	2012	"Marlborough"	2	1916	1266	3367.0					1550	1621	3406.0	1791	1668	3509.0
"CT"	2012	"Meriden"	5	12154	5765	19329.0					12344	6770	20901.0	14886	6880	22006.0
"CT"	2012	"Middlebury"	5	1413	2379	3995.0					1429	2520	4179.0	1586	2666	4288.0
"CT"	2012	"Middlefield"	3	1485	798	2425.0					1210	1081	2422.0	1334	1168	2539.0
"CT"	2012	"Middletown"	3	11973	3802	16639.0	1	1421	599	2145	11959	5968	19357.0	13834	6105	20223.0
"CT"	2012	"Milford"	3	14427	7492	23290.0					12075	10461	24373.0	13668	11462	25477.0
"CT"	2012	"Monroe"	4	4655	4704	9710.0					3995	5480	10054.0	4446	5757	10335.0
"CT"	2012	"Montville"	2	4469	1826	6875.0					3412	2838	6925.0	4014	3115	7230.0
"CT"	2012	"Morris"	5	355	797	1244.0					435	732	1254.0	535	740	1295.0
"CT"	2012	"Naugatuck"	3	6255	3668	10783.0					4583	5722	11398.0	5923	5807	11918.0
"CT"	2012	"New Britain"	5	13019	4034	18423.0					13353	4939	19936.0	16052	4783	21032.0
"CT"	2012	"New Canaan"	4	3947	6532	10618.0					3709	6516	10628.0	3804	6966	10862.0
"CT"	2012	"New Fairfield"	5	2878	3959	7295.0					2971	4017	7472.0	3323	4288	7699.0
"CT"	2012	"New Hartford"	1	1724	1721	3671.0					1517	2057	3811.0	1759	2056	3881.0
"CT"	2012	"New Haven"	3	36827	2995	41434.0					35666	4548	42508.0	39865	4430	44643.0
"CT"	2012	"New London"	2	5652	1117	7349.0					5363	1604	7659.0	6710	1654	8500.0
"CT"	2012	"New Millford"	5	4923	6094	12021.0					5530	5851	12378.0	6640	6330	13160.0
"CT"	2012	"Newington"	1	8802	4002	13602.0					7698	5452	14176.0	8792	5752	14739.0
"CT"	2012	"Newtown"	5	5913	6914	13569.0					6296	7043	14117.0	6784	7451	14398.0
"CT"	2012	"Norfolk"	5	436	388	889.0					494	346	904.0	556	378	943.0
"CT"	2012	"North Branford"	3	4057	2151	6641.0					3057	3194	6714.0	3477	3385	6936.0
"CT"	2012	"North Canaan"	5	446	688	1247.0					621	523	1265.0	706	552	1277.0
"CT"	2012	"North Haven"	3	7522	3799	12050.0					5773	5585	12158.0	6376	5990	12502.0
"CT"	2012	"North Stonington"	2	1573	779	2550.0					1167	1166	2590.0	1383	1279	2723.0
"CT"	2012	"Norwalk"	4	20895	11046	33621.0					19379	12103	34032.0	22369	12773	35499.0
"CT"	2012	"Norwich"	2	8378	2166	11564.0					6818	3764	11721.0	8541	4144	12923.0
"CT"	2012	"Old Lyme"	2	2749	1635	4457.0					2475	1896	4456.0	2561	1958	4561.0
"CT"	2012	"Old Saybrook"	2	3327	2101	5703.0					2862	2584	5758.0	3101	2753	5916.0
"CT"	2012	"Orange"	3	4435	2744	7616.0					3343	3837	7686.0	3623	4209	7914.0
"CT"	2012	"Oxford"	4	2379	3397	5988.0					2125	3764	6315.0	2599	3906	6599.0
"CT"	2012	"Plainfield"	2	3444	874	4879.0					2405	2287	5236.0	2957	2378	5450.0
"CT"	2012	"Plainville"	5	3858	2812	7172.0					3778	3166	7518.0	4540	3318	7960.0
"CT"	2012	"Plymouth"	5	2092	2449	4988.0					2034	2707	5223.0	2553	2713	5352.0
"CT"	2012	"Pomfret"	2	1269	631	2073.0					960	965	2092.0	1103	1012	2149.0
"CT"	2012	"Portland"	1	2640	1551	4516.0					2291	2040	4738.0	2664	2141	4875.0
"CT"	2012	"Preston"	2	1563	648	2264.0					1095	1131	2286.0	1165	1186	2393.0
"CT"	2012	"Prospect"	3	2312	2307	4868.0					1570	3159	5016.0	1839	3235	5149.0
"CT"	2012	"Putnam"	2	2012	792	3190.0					1434	1449	3258.0	1839	1507	3421.0
"CT"	2012	"Redding"	4	2811	2254	5146.0					2585	2391	5232.0	2787	2503	5351.0
"CT"	2012	"Ridgefield"	4	6440	6673	13401.0					5925	6940	13532.0	6461	7360	13955.0
"CT"	2012	"Rocky Hill"	1	5308	2822	11431.0					4615	3787	8987.0	5173	4030	9309.0
"CT"	2012	"Roxbury"	5	645	709	1410.0					714	666	1439.0	758	706	1477.0
"CT"	2012	"Salem"	2	1103	838	2070.0					944	959	2064.0	1098	996	2138.0
"CT"	2012	"Salisbury"	5	1159	873	2166.0					1453	620	2177.0	1552	659	2243.0
"CT"	2012	"Scotland"	2	481	238	799.0					361	379	811.0	408	415	835.0
"CT"	2012	"Seymour"	3	3971	2766	7239.0					2974	3521	7089.0	3447	3630	7077.0
"CT"	2012	"Sharon"	5	675	643	1403.0					838	486	1411.0	902	519	1440.0
"CT"	2012	"Shelton"	4	7981	7971	16649.0	3	518	306	892	7396	9683	18231.0	8362	10327	18904.0
"CT"	2012	"Sherman"	5	920	990	2020.0					955	984	2053.0	1020	1049	2096.0
"CT"	2012	"Simsbury"	5	6007	6464	13101.0					6341	6346	13412.0	6853	6710	13742.0
"CT"	2012	"Somers"	2	2516	1838	4667.0					1832	2580	4751.0	2055	2837	4946.0
"CT"	2012	"South Windsor"	1	8377	3779	13008.0					6855	5385	13181.0	7708	5775	13660.0
"CT"	2012	"Southbury"	5	4445	5614	10535.0					4599	5735	10904.0	4936	6134	11193.0
"CT"	2012	"Southington"	1	10928	7712	20002.0					9279	10278	20994.0	10727	10452	21462.0
"CT"	2012	"Sprague"	2	879	351	1343.0					631	607	1365.0	724	655	1399.0
"CT"	2012	"Stafford"	2	3472	1364	5306.0					2502	2420	5431.0	3018	2491	5624.0
"CT"	2012	"Stamford"	4	28690	14301	44313.0					26514	16320	45084.0	29623	17473	47529.0
"CT"	2012	"Sterling"	2	750	412	1325.0					523	669	1336.0	655	711	1399.0
"CT"	2012	"Stonington"	2	6269	2405	9374.0					5177	3453	9412.0	5725	3929	9784.0
"CT"	2012	"Stratford"	3	13941	6565	25864.0					11859	8988	22237.0	13483	9324	23034.0
"CT"	2012	"Suffield"	2	3852	2591	6907.0					2921	3632	7080.0	3332	3863	7271.0
"CT"	2012	"Thomaston"	5	1212	2031	3517.0					1295	2092	3666.0	1556	2144	3764.0
"CT"	2012	"Thompson"	2	2257	1069	3714.0					1581	1822	3847.0	1977	1993	4050.0
"CT"	2012	"Tolland"	2	4836	2427	7784.0					3691	3619	7882.0	4135	3840	8086.0
"CT"	2012	"Torrington"	5	2468	3764	6966.0	1	3000	2901	6364	5292	7024	13796.0	6843	7320	14419.0
"CT"	2012	"Trumbull"	4	9032	8159	17719.0					7756	9295	17979.0	8703	9986	18869.0
"CT"	2012	"Union"	2	276	175	497.0					210	242	505.0	257	250	516.0
"CT"	2012	"Vernon"	2	8125	3097	12184.0					6366	4780	12237.0	7556	5085	12832.0
"CT"	2012	"Voluntown"	2	754	304	1181.0					521	578	1201.0	610	600	1238.0
"CT"	2012	"Wallingford"	3	12356	6096	20102.0					9733	8774	20397.0	11560	9259	21084.0
"CT"	2012	"Warren"	5	293	462	813.0					369	402	819.0	404	407	827.0
"CT"	2012	"Washington"	5	947	914	1977.0					1099	796	1990.0	1237	824	2082.0
"CT"	2012	"Waterbury"	5	14862	6938	23329.0	3	3214	1618	5133	17376	10895	30453.0	20931	11043	32240.0
"CT"	2012	"Waterford"	2	5925	3067	9506.0					5054	3802	9530.0	5573	4183	9901.0
"CT"	2012	"Watertown"	5	3787	5827	10338.0					3643	6339	10702.0	4181	6644	10960.0
"CT"	2012	"West Hartford"	1	20573	8323	30419.0					19728	9891	31325.0	21069	10511	31928.0
"CT"	2012	"West Haven"	3	14130	3371	18641.0					12038	5478	18985.0	14286	5789	20278.0
"CT"	2012	"Westbrook"	2	2028	1066	3323.0					1602	1527	3390.0	1903	1605	3553.0
"CT"	2012	"Weston"	4	2965	2322	5349.0					2797	2407	5372.0	2947	2536	5532.0
"CT"	2012	"Westport"	4	8256	6058	14525.0					8181	5894	14583.0	8495	6439	15048.0
"CT"	2012	"Wethersfield"	1	7705	4267	12739.0					6686	5635	13167.0	7753	6015	13936.0
"CT"	2012	"Willington"	2	1671	793	2706.0					1371	1165	2752.0	1538	1241	2830.0
"CT"	2012	"Wilton"	4	4732	4931	9795.0					4328	5107	9834.0	4589	5424	10115.0
"CT"	2012	"Winchester"	1	2140	1744	4239.0					1794	2339	4513.0	2201	2389	4680.0
"CT"	2012	"Windham"	2	5523	1082	7195.0					4743	2041	7389.0	5818	1944	7875.0
"CT"	2012	"Windsor"	1	10748	3198	14868.0					9974	4291	15356.0	11463	4305	15940.0
"CT"	2012	"Windsor Locks"	1	3109	1691	5289.0					2536	2410	5491.0	3178	2456	5726.0
"CT"	2012	"Wolcott"	5	2895	4174	7642.0					2686	4811	8101.0	3139	5077	8298.0
"CT"	2012	"Woodbridge"	3	3328	1502	5018.0					2849	1938	5035.0	3018	2109	5169.0
"CT"	2012	"Woodbury"	5	2161	2847	5246.0					2193	2959	5413.0	2434	3058	5554.0
"CT"	2012	"Woodstock"	2	2293	1444	4024.0					1792	1973	4075.0	2021	2134	4222.0
