state	year	county	precinct	cd	g2012_USP_dv	g2012_USP_rv	g2012_USP_tv	g2012_USH_dv	g2012_USH_rv	g2012_USH_tv	g2012_REG_cv	g2012_REG_ev	g2012_REG_tv	g2012_BALL_tv
"ID"	2012	"Ada"	"1401"	1	210	698	924	179	697	914	1059	138	1197	935
"ID"	2012	"Ada"	"1402"	1	284	804	1122	255	788	1089	1276	146	1422	1137
"ID"	2012	"Ada"	"1403"	1	109	339	455	108	326	440	506	51	557	457
"ID"	2012	"Ada"	"1404"	1	283	965	1285	262	911	1249	1375	336	1711	1301
"ID"	2012	"Ada"	"1405"	1	342	800	1185	307	756	1149	1375	272	1647	1206
"ID"	2012	"Ada"	"1406"	1	364	1132	1518	327	1081	1461	1685	247	1932	1530
"ID"	2012	"Ada"	"1407"	1	342	715	1087	311	678	1051	1352	189	1541	1107
"ID"	2012	"Ada"	"1408"	1	474	875	1380	426	815	1300	1659	201	1860	1402
"ID"	2012	"Ada"	"1409"	1	382	878	1290	340	846	1238	1506	140	1646	1303
"ID"	2012	"Ada"	"1410"	1	460	629	1118	411	606	1079	1356	251	1607	1147
"ID"	2012	"Ada"	"1411"	1	482	838	1347	443	812	1306	1606	213	1819	1362
"ID"	2012	"Ada"	"1412"	1	123	322	459	101	325	448	523	89	612	467
"ID"	2012	"Ada"	"1413"	1	381	976	1381	365	929	1339	1441	315	1756	1394
"ID"	2012	"Ada"	"1414"	1	539	1386	1970	478	1325	1898	2158	530	2688	1990
"ID"	2012	"Ada"	"1415"	1	259	981	1253	237	950	1215	1402	183	1585	1262
"ID"	2012	"Ada"	"1416"	1	346	915	1279	308	873	1224	1441	184	1625	1291
"ID"	2012	"Ada"	"1417"	1	313	868	1209	305	798	1165	1378	222	1600	1222
"ID"	2012	"Ada"	"1418"	1	591	1310	1944	581	1260	1921	2263	239	2502	1985
"ID"	2012	"Ada"	"1419"	1	353	778	1161	321	734	1129	1403	217	1620	1176
"ID"	2012	"Ada"	"1501"	1	612	1166	1815	525	1155	1751	2137	346	2483	1830
"ID"	2012	"Ada"	"1502"	2	616	985	1647	559	1062	1623	1958	253	2211	1676
"ID"	2012	"Ada"	"1503"	2	497	767	1302	485	791	1281	1482	187	1669	1319
"ID"	2012	"Ada"	"1504"	1	734	1112	1905	670	1050	1855	2246	388	2634	1938
"ID"	2012	"Ada"	"1505"	2	459	686	1187	442	713	1160	1414	190	1604	1209
"ID"	2012	"Ada"	"1506"	2	565	743	1353	538	806	1344	1562	247	1809	1387
"ID"	2012	"Ada"	"1507"	2	514	823	1390	516	844	1363	1674	251	1925	1414
"ID"	2012	"Ada"	"1508"	2	564	715	1333	541	764	1312	1551	264	1815	1372
"ID"	2012	"Ada"	"1509"	2	792	926	1782	751	988	1743	2136	445	2581	1821
"ID"	2012	"Ada"	"1510"	2	500	505	1045	484	544	1032	1273	258	1531	1072
"ID"	2012	"Ada"	"1511"	2	397	445	874	374	470	846	1080	250	1330	899
"ID"	2012	"Ada"	"1512"	2	414	422	867	390	443	834	1052	339	1391	892
"ID"	2012	"Ada"	"1513"	2	430	486	961	418	518	940	1106	293	1399	982
"ID"	2012	"Ada"	"1514"	2	358	562	953	351	597	948	1102	190	1292	973
"ID"	2012	"Ada"	"1515"	2	232	413	665	230	426	657	807	117	924	680
"ID"	2012	"Ada"	"1601"	2	806	975	1817	725	1054	1784	2020	248	2268	1842
"ID"	2012	"Ada"	"1602"	2	716	607	1376	702	666	1369	1806	334	2140	1412
"ID"	2012	"Ada"	"1603"	2	1064	729	1865	1057	783	1841	2245	411	2656	1899
"ID"	2012	"Ada"	"1604"	2	705	466	1223	686	513	1205	1475	196	1671	1250
"ID"	2012	"Ada"	"1605"	2	751	392	1203	766	429	1199	1457	256	1713	1239
"ID"	2012	"Ada"	"1606"	2	701	295	1044	712	325	1040	1322	352	1674	1081
"ID"	2012	"Ada"	"1607"	1	704	805	1561	627	762	1517	1783	344	2127	1597
"ID"	2012	"Ada"	"1608"	2	510	363	915	511	400	912	1131	306	1437	947
"ID"	2012	"Ada"	"1609"	2	559	688	1287	517	761	1281	1517	220	1737	1320
"ID"	2012	"Ada"	"1610"	2	755	829	1645	750	889	1647	1998	276	2274	1701
"ID"	2012	"Ada"	"1611"	2	618	738	1398	563	823	1389	1664	198	1862	1433
"ID"	2012	"Ada"	"1612"	2	415	359	801	395	394	791	986	249	1235	822
"ID"	2012	"Ada"	"1613"	2	677	602	1321	665	643	1310	1459	230	1689	1354
"ID"	2012	"Ada"	"1614"	2	519	545	1096	489	575	1067	1320	297	1617	1117
"ID"	2012	"Ada"	"1615"	2	707	555	1320	685	617	1303	1656	395	2051	1366
"ID"	2012	"Ada"	"1701"	2	457	496	989	425	514	942	1227	305	1532	1009
"ID"	2012	"Ada"	"1702"	2	613	646	1313	580	693	1274	1539	285	1824	1338
"ID"	2012	"Ada"	"1703"	2	557	491	1084	533	531	1069	1414	363	1777	1118
"ID"	2012	"Ada"	"1704"	2	607	318	992	621	378	1000	1246	207	1453	1029
"ID"	2012	"Ada"	"1705"	2	548	408	995	526	456	984	1289	344	1633	1043
"ID"	2012	"Ada"	"1706"	2	758	510	1349	768	564	1336	1701	364	2065	1395
"ID"	2012	"Ada"	"1707"	2	572	313	931	580	353	934	1155	211	1366	964
"ID"	2012	"Ada"	"1708"	2	712	435	1201	683	484	1168	1559	327	1886	1225
"ID"	2012	"Ada"	"1709"	2	725	349	1145	733	425	1159	1368	258	1626	1187
"ID"	2012	"Ada"	"1710"	2	447	284	779	404	306	711	1317	353	1670	793
"ID"	2012	"Ada"	"1711"	2	526	283	883	518	322	843	1211	337	1548	903
"ID"	2012	"Ada"	"1712"	2	545	495	1073	503	566	1070	1276	214	1490	1103
"ID"	2012	"Ada"	"1713"	2	656	648	1359	620	710	1333	1664	293	1957	1390
"ID"	2012	"Ada"	"1714"	2	683	535	1280	664	624	1296	1650	314	1964	1341
"ID"	2012	"Ada"	"1715"	2	791	536	1389	758	619	1380	1696	308	2004	1433
"ID"	2012	"Ada"	"1801"	1	445	627	1109	393	610	1076	1292	220	1512	1123
"ID"	2012	"Ada"	"1802"	1	581	946	1569	537	904	1537	1884	250	2134	1602
"ID"	2012	"Ada"	"1803"	1	353	623	1000	351	577	975	1233	128	1361	1010
"ID"	2012	"Ada"	"1804"	1	47	72	123	40	72	124	188	29	217	127
"ID"	2012	"Ada"	"1805"	2	848	537	1450	782	614	1397	1950	495	2445	1478
"ID"	2012	"Ada"	"1806"	2	663	526	1228	576	628	1205	1506	177	1683	1243
"ID"	2012	"Ada"	"1807"	2	853	568	1506	845	632	1480	1822	414	2236	1553
"ID"	2012	"Ada"	"1808"	2	762	435	1261	756	494	1252	1487	332	1819	1298
"ID"	2012	"Ada"	"1809"	2	815	576	1447	750	676	1430	1766	344	2110	1481
"ID"	2012	"Ada"	"1810"	2	650	448	1124	599	514	1114	1315	201	1516	1146
"ID"	2012	"Ada"	"1811"	2	749	540	1324	671	627	1302	1551	133	1684	1342
"ID"	2012	"Ada"	"1812"	2	631	492	1174	586	559	1149	1409	281	1690	1201
"ID"	2012	"Ada"	"1813"	2	719	509	1273	657	593	1252	1491	229	1720	1288
"ID"	2012	"Ada"	"1814"	2	689	646	1370	626	717	1346	1578	325	1903	1400
"ID"	2012	"Ada"	"1815"	2	710	755	1515	694	778	1479	1768	329	2097	1543
"ID"	2012	"Ada"	"1816"	2	394	450	868	340	512	852	1029	94	1123	884
"ID"	2012	"Ada"	"1817"	2	654	622	1312	601	690	1294	1450	226	1676	1334
"ID"	2012	"Ada"	"1818"	2	575	669	1299	539	738	1278	1601	260	1861	1324
"ID"	2012	"Ada"	"1901"	2	620	722	1379	581	744	1329	1527	218	1745	1393
"ID"	2012	"Ada"	"1902"	2	721	620	1370	671	690	1362	1551	131	1682	1392
"ID"	2012	"Ada"	"1903"	1	191	317	529	179	309	518	667	125	792	546
"ID"	2012	"Ada"	"1904"	2	492	597	1117	489	597	1089	1281	210	1491	1142
"ID"	2012	"Ada"	"1905"	2	607	396	1039	594	423	1018	1229	229	1458	1062
"ID"	2012	"Ada"	"1906"	2	756	531	1352	731	609	1341	1558	305	1863	1386
"ID"	2012	"Ada"	"1907"	2	755	709	1509	722	783	1505	1713	207	1920	1540
"ID"	2012	"Ada"	"1908"	2	603	232	874	578	278	857	1006	132	1138	885
"ID"	2012	"Ada"	"1909"	2	898	397	1344	842	479	1323	1586	241	1827	1359
"ID"	2012	"Ada"	"1910"	2	1198	537	1814	1167	633	1802	2198	357	2555	1849
"ID"	2012	"Ada"	"1911"	2	907	244	1199	912	285	1198	1430	248	1678	1220
"ID"	2012	"Ada"	"1912"	2	760	210	1015	759	229	989	1253	193	1446	1030
"ID"	2012	"Ada"	"1913"	2	898	261	1202	870	326	1196	1464	225	1689	1225
"ID"	2012	"Ada"	"1914"	2	799	174	1031	794	222	1019	1276	380	1656	1054
"ID"	2012	"Ada"	"1915"	2	771	283	1105	779	302	1083	1509	386	1895	1129
"ID"	2012	"Ada"	"1916"	2	515	292	854	512	312	828	1123	346	1469	870
"ID"	2012	"Ada"	"1917"	2	563	246	849	558	262	825	1084	279	1363	863
"ID"	2012	"Ada"	"1918"	2	1157	576	1791	1086	671	1761	2103	263	2366	1820
"ID"	2012	"Ada"	"1919"	2	968	371	1394	947	442	1389	1601	230	1831	1424
"ID"	2012	"Ada"	"1920"	2	420	274	715	395	311	708	811	77	888	723
"ID"	2012	"Ada"	"2001"	1	288	740	1046	279	697	1015	1007	253	1260	1061
"ID"	2012	"Ada"	"2002"	1	681	1322	2041	594	1298	1985	2323	393	2716	2067
"ID"	2012	"Ada"	"2003"	1	356	1023	1400	318	966	1348	1485	299	1784	1417
"ID"	2012	"Ada"	"2004"	1	372	940	1349	311	916	1309	1540	324	1864	1376
"ID"	2012	"Ada"	"2005"	1	529	1267	1834	501	1161	1758	2029	415	2444	1860
"ID"	2012	"Ada"	"2006"	1	446	1023	1494	399	995	1467	1717	240	1957	1521
"ID"	2012	"Ada"	"2007"	1	415	941	1403	363	939	1381	1680	132	1812	1425
"ID"	2012	"Ada"	"2008"	1	596	1065	1714	592	974	1662	2013	404	2417	1740
"ID"	2012	"Ada"	"2009"	1	717	1268	2036	673	1199	1978	2475	525	3000	2077
"ID"	2012	"Ada"	"2010"	1	430	827	1286	387	801	1248	1491	285	1776	1305
"ID"	2012	"Ada"	"2011"	1	450	747	1233	406	732	1197	1388	260	1648	1249
"ID"	2012	"Ada"	"2012"	1	402	560	999	335	544	971	1186	540	1726	1025
"ID"	2012	"Ada"	"2013"	1	391	752	1164	365	710	1127	1342	134	1476	1178
"ID"	2012	"Ada"	"2101"	1	492	1391	1934	463	1315	1872	2182	273	2455	1965
"ID"	2012	"Ada"	"2102"	1	466	1060	1563	445	986	1498	1746	313	2059	1577
"ID"	2012	"Ada"	"2103"	1	340	662	1025	314	617	987	1170	178	1348	1040
"ID"	2012	"Ada"	"2104"	1	457	851	1330	403	793	1283	1536	229	1765	1357
"ID"	2012	"Ada"	"2105"	1	298	600	922	277	586	902	1066	106	1172	943
"ID"	2012	"Ada"	"2106"	1	531	1203	1766	469	1133	1694	1859	470	2329	1785
"ID"	2012	"Ada"	"2107"	1	361	784	1180	328	785	1177	1363	204	1567	1207
"ID"	2012	"Ada"	"2108"	1	427	701	1172	401	655	1127	1302	187	1489	1198
"ID"	2012	"Ada"	"2109"	1	489	714	1242	489	658	1205	1508	238	1746	1263
"ID"	2012	"Ada"	"2110"	1	140	406	554	141	373	536	618	116	734	562
"ID"	2012	"Ada"	"2111"	1	488	902	1429	479	831	1376	1643	478	2121	1441
"ID"	2012	"Ada"	"2112"	1	573	987	1601	555	932	1558	1760	282	2042	1636
"ID"	2012	"Ada"	"2113"	1	400	709	1141	370	652	1095	1193	289	1482	1151
"ID"	2012	"Ada"	"2114"	1	613	926	1599	523	890	1541	1858	357	2215	1624
"ID"	2012	"Ada"	"2115"	1	579	908	1541	506	858	1501	1785	525	2310	1572
"ID"	2012	"Ada"	"2116"	1	399	586	1016	362	549	984	1152	280	1432	1032
"ID"	2012	"Ada"	"2201"	1	389	891	1306	361	828	1257	1410	292	1702	1325
"ID"	2012	"Ada"	"2202"	1	377	824	1227	297	800	1194	1391	293	1684	1245
"ID"	2012	"Ada"	"2203"	1	460	834	1344	401	782	1308	1590	401	1991	1378
"ID"	2012	"Ada"	"2204"	1	465	862	1374	426	794	1338	1690	341	2031	1413
"ID"	2012	"Ada"	"2205"	1	179	531	726	178	501	712	867	80	947	741
"ID"	2012	"Ada"	"2206"	1	357	866	1249	305	835	1208	1448	264	1712	1268
"ID"	2012	"Ada"	"2207"	1	271	1130	1428	261	1052	1376	1588	253	1841	1443
"ID"	2012	"Ada"	"2208"	1	456	1126	1633	403	1062	1559	1829	416	2245	1655
"ID"	2012	"Ada"	"2209"	1	348	702	1099	297	667	1053	1331	270	1601	1117
"ID"	2012	"Ada"	"2210"	1	467	871	1378	385	831	1320	1794	323	2117	1401
"ID"	2012	"Ada"	"2211"	1	277	886	1197	253	837	1174	1407	268	1675	1224
"ID"	2012	"Ada"	"2212"	1	279	739	1060	267	689	1024	1201	187	1388	1075
"ID"	2012	"Ada"	"2213"	1	6	91	100	8	84	96	120	13	133	101
"ID"	2012	"Ada"	"2214"	1	218	646	898	205	607	873	1082	162	1244	922
"ID"	2012	"Adams"	"001 Indian Valley"	1	33	103	144	32	94	135	206	19	225	150
"ID"	2012	"Adams"	"002 Council"	1	80	239	329	74	206	297	608	43	651	340
"ID"	2012	"Adams"	"003 No. Council"	1	93	297	410	84	234	346	775	48	823	420
"ID"	2012	"Adams"	"004 Bear"	1	2	30	33	2	23	27	37	3	40	36
"ID"	2012	"Adams"	"005 New Meadows"	1	184	334	534	139	313	482	929	70	999	555
"ID"	2012	"Adams"	"006 Little Salmon River"	1	13	29	42	14	26	42	61	1	62	45
"ID"	2012	"Adams"	"Absentee"	1	172	381	568	149	359	535				585
"ID"	2012	"Bannock"	"Pocatello 1"	2	152	224	381	166	209	375	787	64	851	385
"ID"	2012	"Bannock"	"Pocatello 2"	2	147	324	481	174	306	480	828	86	914	491
"ID"	2012	"Bannock"	"Pocatello 3"	2	185	266	462	201	259	460	773	62	835	468
"ID"	2012	"Bannock"	"Pocatello 4"	2	327	257	610	348	256	604	915	245	1160	625
"ID"	2012	"Bannock"	"Pocatello 5"	2	210	238	473	233	245	478	758	131	889	485
"ID"	2012	"Bannock"	"Pocatello 6"	2	254	177	455	262	186	448	725	218	943	472
"ID"	2012	"Bannock"	"Pocatello 7"	2	186	234	437	203	226	429	680	132	812	443
"ID"	2012	"Bannock"	"Pocatello 8"	2	201	128	356	202	144	346	568	122	690	360
"ID"	2012	"Bannock"	"Pocatello 9"	2	213	235	464	205	240	445	645	149	794	470
"ID"	2012	"Bannock"	"Pocatello 10"	2	233	390	651	256	396	652	884	247	1131	672
"ID"	2012	"Bannock"	"Pocatello 11"	2	138	250	396	163	232	395	731	123	854	402
"ID"	2012	"Bannock"	"Pocatello 12"	2	168	275	463	199	266	465	775	122	897	476
"ID"	2012	"Bannock"	"Pocatello 13"	2	182	253	454	201	244	445	690	184	874	472
"ID"	2012	"Bannock"	"Pocatello 14"	2	194	307	515	214	294	508	773	166	939	526
"ID"	2012	"Bannock"	"Pocatello 15"	2	152	228	391	171	221	392	637	137	774	411
"ID"	2012	"Bannock"	"Pocatello 17"	2	192	290	490	220	261	481	716	159	875	499
"ID"	2012	"Bannock"	"Pocatello 18"	2	182	341	540	206	328	534	751	140	891	548
"ID"	2012	"Bannock"	"Pocatello 19"	2	144	207	363	157	202	359	470	138	608	377
"ID"	2012	"Bannock"	"Pocatello 20"	2	186	212	416	197	205	402	618	142	760	419
"ID"	2012	"Bannock"	"Pocatello 21"	2	141	277	436	167	275	442	685	170	855	453
"ID"	2012	"Bannock"	"Pocatello 22"	2	177	311	514	218	288	506	813	187	1000	526
"ID"	2012	"Bannock"	"Pocatello 23"	2	172	242	435	207	228	435	723	139	862	447
"ID"	2012	"Bannock"	"Pocatello 24"	2	190	181	401	223	171	394	595	169	764	409
"ID"	2012	"Bannock"	"Pocatello 25"	2	181	152	352	201	152	353	568	171	739	365
"ID"	2012	"Bannock"	"Pocatello 26"	2	223	196	447	223	212	435	703	258	961	452
"ID"	2012	"Bannock"	"Pocatello 27"	2	201	201	419	188	214	402	705	265	970	429
"ID"	2012	"Bannock"	"Pocatello 28"	2	204	336	554	226	311	537	913	324	1237	562
"ID"	2012	"Bannock"	"Pocatello 31"	2	223	142	392	226	160	386	730	136	866	406
"ID"	2012	"Bannock"	"Pocatello 32"	2	135	167	315	138	167	305	556	72	628	321
"ID"	2012	"Bannock"	"Pocatello 34"	2	142	284	432	163	271	434	741	86	827	442
"ID"	2012	"Bannock"	"Pocatello 35"	2	100	266	375	116	251	367	707	146	853	386
"ID"	2012	"Bannock"	"Pocatello 36"	2	152	370	538	173	358	531	930	116	1046	545
"ID"	2012	"Bannock"	"Pocatello 37"	2	145	416	574	151	406	557	949	95	1044	579
"ID"	2012	"Bannock"	"Pocatello 38"	2	120	319	444	126	317	443	777	117	894	449
"ID"	2012	"Bannock"	"Pocatello 39"	2	107	256	372	102	259	361	718	125	843	378
"ID"	2012	"Bannock"	"Pocatello 40"	2	103	211	330	123	201	324	524	103	627	395
"ID"	2012	"Bannock"	"Pocatello 41"	2	166	295	472	173	285	458	855	127	982	477
"ID"	2012	"Bannock"	"Pocatello 42"	2	141	240	397	150	238	388	774	108	882	403
"ID"	2012	"Bannock"	"Pocatello 43"	2	237	276	533	253	277	530	850	203	1053	550
"ID"	2012	"Bannock"	"Chubbuck 50"	2	145	376	530	152	378	530	939	136	1075	542
"ID"	2012	"Bannock"	"Chubbuck 51"	2	168	473	651	195	444	639	871	171	1042	661
"ID"	2012	"Bannock"	"Chubbuck 52"	2	139	282	429	137	283	420	630	107	737	435
"ID"	2012	"Bannock"	"Chubbuck 53"	2	245	428	688	254	430	684	1011	246	1257	698
"ID"	2012	"Bannock"	"Chubbuck 54"	2	94	346	449	123	316	439	612	75	687	455
"ID"	2012	"Bannock"	"Chubbuck 55"	2	163	440	610	185	419	604	922	154	1076	620
"ID"	2012	"Bannock"	"Chubbuck 56"	2	160	382	549	179	355	534	914	144	1058	554
"ID"	2012	"Bannock"	"Chubbuck 57"	2	136	433	584	155	427	582	916	119	1035	590
"ID"	2012	"Bannock"	"Chubbuck 58"	2	104	239	355	128	223	351	561	81	642	359
"ID"	2012	"Bannock"	"Chubbuck 59"	2	109	252	375	126	250	376	628	80	708	381
"ID"	2012	"Bannock"	"Chubbuck 60"	2	393	148	564	310	249	559	754	191	945	578
"ID"	2012	"Bannock"	"Arimo 61"	2	43	304	353	70	272	342	499	54	553	358
"ID"	2012	"Bannock"	"Downey 62"	2	52	362	420	104	323	427	527	64	591	434
"ID"	2012	"Bannock"	"Inkom 63"	2	141	309	470	189	279	468	667	78	745	482
"ID"	2012	"Bannock"	"Lava Hot Springs 64"	2	114	313	440	158	289	447	670	60	730	457
"ID"	2012	"Bannock"	"McCammon 65"	2	142	448	601	211	386	597	840	107	947	618
"ID"	2012	"Bannock"	"Mink Creek 66"	2	172	334	522	194	322	516	874	77	951	530
"ID"	2012	"Bannock"	"Pebble Creek 67"	2	99	302	414	136	274	410	608	61	669	423
"ID"	2012	"Bannock"	"Swan Lake 68"	2	3	51	54	8	41	49	73	2	75	56
"ID"	2012	"Bannock"	"Absentee - L28 In City"	2	685	1013	1731	659	1047	1706				1758
"ID"	2012	"Bannock"	"Absentee - L28 Out City"	2	910	1702	2656	965	1675	2640				2699
"ID"	2012	"Bannock"	"Absentee - L28 Inkom"	2	17	28	45	18	28	46				47
"ID"	2012	"Bannock"	"Absentee - L29 In City"	2	1957	1934	3985	2020	1937	3957				4075
"ID"	2012	"Bannock"	"Absentee - L29 Out City"	2	117	137	258	120	137	257				263
"ID"	2012	"Bannock"	"#1 Montpelier"	2	60	361	425	66	329	395	488	56	544	452
"ID"	2012	"Bannock"	"#2 Montpelier"	2	39	290	331	48	251	299	434	43	477	347
"ID"	2012	"Bannock"	"#3 Montpelier"	2	54	296	356	66	260	326	421	60	481	375
"ID"	2012	"Bannock"	"#5 Bennington"	2	7	135	142	7	129	136	164	10	174	146
"ID"	2012	"Bannock"	"#6 Bern"	2	8	74	83	14	65	79	86	6	92	85
"ID"	2012	"Bannock"	"#7 Bloomington"	2	9	115	126	16	107	123	134	16	150	134
"ID"	2012	"Bannock"	"#8 Dingle"	2	15	110	127	22	93	115	143	16	159	132
"ID"	2012	"Bannock"	"#9 Fish Haven"	2	24	124	152	36	108	144	177	8	185	152
"ID"	2012	"Bannock"	"#10 Geneva/Pegram"	2	4	80	85	5	77	82	87	1	88	85
"ID"	2012	"Bannock"	"#11 Georgetown"	2	29	316	346	45	285	330	380	43	423	361
"ID"	2012	"Bannock"	"#12 Liberty"	2	17	175	194	22	154	176	226	15	241	203
"ID"	2012	"Bannock"	"#13 Paris"	2	19	242	265	25	207	232	324	27	351	280
"ID"	2012	"Bannock"	"#15 St. Charles"	2	9	110	120	12	94	106	139	8	147	122
"ID"	2012	"Bannock"	"#16 Bailey Creek"	2	8	61	70	10	60	70	82	2	84	71
"ID"	2012	"Benewah"	"1 Benewah"	1	33	106	144	30	92	133	200	3	203	148
"ID"	2012	"Benewah"	"2 Center"	1	94	299	406	77	262	356	481	41	522	420
"ID"	2012	"Benewah"	"3 College"	1	130	274	408	101	231	341	544	29	573	422
"ID"	2012	"Benewah"	"4 Emida"	1	28	112	151	27	85	122	222	5	227	157
"ID"	2012	"Benewah"	"5 Fernwood"	1	65	151	231	50	131	193	308	19	327	272
"ID"	2012	"Benewah"	"6 Plummer"	1	247	346	621	176	333	538	902	67	969	641
"ID"	2012	"Benewah"	"7 Santa"	1	50	175	232	37	154	202	303	12	315	248
"ID"	2012	"Benewah"	"8 St. Joe"	1	7	39	46	5	28	34	51	2	53	47
"ID"	2012	"Benewah"	"9 St. Maries"	1	207	511	730	157	445	626	921	56	977	757
"ID"	2012	"Benewah"	"10 Tensed"	1	117	213	341	93	181	299	434	41	475	351
"ID"	2012	"Benewah"	"11 Townsite"	1	186	370	575	141	309	479	693	46	739	585
"ID"	2012	"Bingham"	"Blackfoot 1"	2	141	487	636	170	463	633	1001	218	1219	645
"ID"	2012	"Bingham"	"Blackfoot 2"	2	128	239	374	134	235	369	544	106	650	377
"ID"	2012	"Bingham"	"Blackfoot 3"	2	158	374	542	178	372	550	876	159	1035	554
"ID"	2012	"Bingham"	"Blackfoot 4"	2	191	378	584	198	380	578	905	165	1070	601
"ID"	2012	"Bingham"	"Blackfoot 5"	2	194	424	640	218	420	638	906	205	1111	651
"ID"	2012	"Bingham"	"Blackfoot 6"	2	156	484	653	170	480	650	920	172	1092	660
"ID"	2012	"Bingham"	"Firth 7"	2	101	650	763	178	581	759	1012	158	1170	786
"ID"	2012	"Bingham"	"Firth 8"	2	96	545	649	150	496	646	956	97	1053	658
"ID"	2012	"Bingham"	"Groveland 9"	2	141	551	710	166	534	700	1019	200	1219	718
"ID"	2012	"Bingham"	"Jamestown 10"	2	56	551	615	114	486	600	804	107	911	620
"ID"	2012	"Bingham"	"Moreland 11"	2	64	319	387	80	310	390	538	69	607	397
"ID"	2012	"Bingham"	"Rockford 12"	2	39	487	535	93	437	530	764	99	863	547
"ID"	2012	"Bingham"	"Shelley 13"	2	111	631	760	141	610	751	932	225	1157	773
"ID"	2012	"Bingham"	"Shelley 14"	2	111	631	756	157	600	757	996	168	1164	776
"ID"	2012	"Bingham"	"Aberdeen 15"	2	175	484	668	184	469	653	815	156	971	682
"ID"	2012	"Bingham"	"Springfield/Sterling 16"	2	37	203	249	51	195	246	319	41	360	254
"ID"	2012	"Bingham"	"Riverside 17"	2	94	492	601	114	487	601	879	101	980	606
"ID"	2012	"Bingham"	"Pingree 18"	2	39	310	359	63	287	350	567	65	632	363
"ID"	2012	"Bingham"	"Wapello 19"	2	63	213	285	71	208	279	426	64	490	291
"ID"	2012	"Bingham"	"Fort Hall 20"	2	565	65	638	404	213	617	813	222	1035	647
"ID"	2012	"Bingham"	"Shelley West 21"	2	94	706	814	140	659	799	1020	171	1191	823
"ID"	2012	"Bingham"	"Groveland 22"	2	72	293	371	94	271	365	543	79	622	376
"ID"	2012	"Bingham"	"Blackfoot 23"	2	46	285	339	76	261	337	497	78	575	341
"ID"	2012	"Bingham"	"Riverside 24"	2	40	268	315	57	250	307	487	57	544	320
"ID"	2012	"Bingham"	"Moreland 25"	2	63	388	460	94	360	454	646	93	739	467
"ID"	2012	"Bingham"	"Atomic City 26"	2	6	9	16	5	10	15	24	0	24	16
"ID"	2012	"Bingham"	"Absentee 31"	2	841	2973	3885	950	2872	3822				3965
"ID"	2012	"Blaine"	"001 N Blaine County"	2	624	344	994	578	405	983	1144	101	1245	1011
"ID"	2012	"Blaine"	"002 Sun Valley"	2	381	439	837	348	478	826	997	86	1083	849
"ID"	2012	"Blaine"	"003 N Ketchum"	2	546	274	845	484	331	815	1031	89	1120	851
"ID"	2012	"Blaine"	"004 S Ketchum"	2	626	311	957	580	341	921	1202	143	1345	970
"ID"	2012	"Blaine"	"005 Quigley"	2	502	344	864	456	393	849	1046	42	1088	878
"ID"	2012	"Blaine"	"006 Deer Creek"	2	233	185	433	200	226	426	519	49	568	438
"ID"	2012	"Blaine"	"007 NW Hailey"	2	511	198	733	484	243	727	882	111	993	746
"ID"	2012	"Blaine"	"008 NE Hailey"	2	466	213	699	429	264	693	838	57	895	706
"ID"	2012	"Blaine"	"009 SW Hailey"	2	460	161	637	422	197	619	752	96	848	644
"ID"	2012	"Blaine"	"010 NW Woodside"	2	323	185	525	275	226	501	674	121	795	537
"ID"	2012	"Blaine"	"011 SE Woodside"	2	397	218	634	353	267	620	746	345	1091	652
"ID"	2012	"Blaine"	"012 Poverty Flat"	2	215	188	412	208	204	412	496	40	536	420
"ID"	2012	"Blaine"	"013 Bellevue"	2	491	345	863	450	400	850	1073	147	1220	875
"ID"	2012	"Blaine"	"014 Carey"	2	84	327	416	87	325	412	478	57	535	423
"ID"	2012	"Blaine"	"015 Gannett/Picabo"	2	133	198	336	121	213	334	396	53	449	342
"ID"	2012	"Blaine"	"016 Yale"	2	0	9	9	0	10	10	10	0	10	10
"ID"	2012	"Blaine"	"30 Garden Valley"	1	198	545	762	170	471	671	1306	85	1391	783
"ID"	2012	"Blaine"	"40 Horseshoe Bend"	1	182	444	641	137	422	586	980	71	1051	662
"ID"	2012	"Blaine"	"50 Idaho City"	1	115	230	366	98	210	334	765	43	808	376
"ID"	2012	"Blaine"	"60 Lowman"	1	28	85	119	22	68	100	182	19	201	120
"ID"	2012	"Blaine"	"70 Mores Creek"	1	197	430	648	181	397	605	1286	88	1374	660
"ID"	2012	"Blaine"	"80 Placerville"	1	45	78	127	43	73	121	250	5	255	135
"ID"	2012	"Blaine"	"Absentee"	1	288	472	782	259	445	731				764
"ID"	2012	"Bonner"	"1 Airport"	1	289	420	731	255	389	691	917	110	1027	748
"ID"	2012	"Bonner"	"2 Algoma"	1	220	465	704	194	434	672	865	94	959	709
"ID"	2012	"Bonner"	"3 Baldy"	1	448	493	979	408	465	945	1298	191	1489	1014
"ID"	2012	"Bonner"	"4 Blue Lake"	1	71	229	318	72	209	301	416	17	433	321
"ID"	2012	"Bonner"	"5 Careywood"	1	117	367	498	108	347	494	636	53	689	514
"ID"	2012	"Bonner"	"6 Clark Fork"	1	155	309	482	150	288	467	611	67	678	500
"ID"	2012	"Bonner"	"7 Cocolalla"	1	97	247	361	79	247	346	434	38	472	369
"ID"	2012	"Bonner"	"8 Colburn"	1	278	496	803	256	448	779	988	105	1093	823
"ID"	2012	"Bonner"	"9 Dover"	1	148	187	343	132	171	326	406	35	441	350
"ID"	2012	"Bonner"	"10 E. Priest River"	1	164	380	561	149	347	536	786	64	850	575
"ID"	2012	"Bonner"	"11 Edgemere"	1	203	603	844	182	569	820	1071	80	1151	868
"ID"	2012	"Bonner"	"12 Gamlin Lake"	1	148	278	443	144	244	423	543	29	572	445
"ID"	2012	"Bonner"	"13 Grouse Creek"	1	210	306	545	200	290	526	693	36	729	558
"ID"	2012	"Bonner"	"14 Hope"	1	265	294	569	241	285	551	706	35	741	582
"ID"	2012	"Bonner"	"15 Humbird"	1	312	346	690	285	320	672	948	137	1085	724
"ID"	2012	"Bonner"	"16 Kelso"	1	37	86	128	25	84	122	151	16	167	130
"ID"	2012	"Bonner"	"17 Kootenai"	1	451	804	1297	437	731	1244	1631	212	1843	1329
"ID"	2012	"Bonner"	"18 Laclede"	1	115	199	326	110	186	315	383	30	413	330
"ID"	2012	"Bonner"	"19 Lakeview"	1	42	127	169	40	113	166	197	18	215	175
"ID"	2012	"Bonner"	"20 Lamb Creek"	1	123	217	345	104	214	332	443	29	472	349
"ID"	2012	"Bonner"	"21 Oden"	1	115	273	404	111	273	401	486	36	522	414
"ID"	2012	"Bonner"	"22 Oldtown"	1	246	581	847	210	523	789	1085	109	1194	857
"ID"	2012	"Bonner"	"23 Priest Lake"	1	71	88	160	65	90	158	194	9	203	162
"ID"	2012	"Bonner"	"24 Priest River West City"	1	75	103	188	64	94	184	287	28	315	197
"ID"	2012	"Bonner"	"25 Sagle"	1	315	599	946	288	567	914	1223	96	1319	972
"ID"	2012	"Bonner"	"26 Sandpoint"	1	367	276	699	337	258	662	901	112	1013	714
"ID"	2012	"Bonner"	"27 Selle"	1	221	368	622	207	335	592	789	63	852	642
"ID"	2012	"Bonner"	"28 South Side"	1	163	361	536	137	354	514	648	56	704	557
"ID"	2012	"Bonner"	"29 Spirit Valley"	1	167	508	699	157	469	695	854	88	942	721
"ID"	2012	"Bonner"	"30 Washington"	1	503	535	1082	450	499	1010	1363	150	1513	1095
"ID"	2012	"Bonner"	"31 Westmond"	1	203	420	643	192	388	625	812	45	857	665
"ID"	2012	"Bonner"	"32 W. Priest River Bench"	1	78	235	315	71	215	300	386	35	421	321
"ID"	2012	"Bonner"	"33 Wrenco"	1	83	167	259	74	155	246	304	34	338	267
"ID"	2012	"Bonneville"	"1"	2	167	559	747	199	548	747	1027	195	1222	756
"ID"	2012	"Bonneville"	"2"	2	189	530	734	215	515	730	1031	209	1240	751
"ID"	2012	"Bonneville"	"3"	2	172	300	493	191	300	491	602	200	802	513
"ID"	2012	"Bonneville"	"4"	2	126	337	474	140	335	475	641	114	755	489
"ID"	2012	"Bonneville"	"5"	2	228	476	727	277	466	743	940	234	1174	763
"ID"	2012	"Bonneville"	"6"	2	217	602	843	251	585	836	1200	200	1400	864
"ID"	2012	"Bonneville"	"7"	2	170	285	476	210	266	476	610	212	822	490
"ID"	2012	"Bonneville"	"8"	2	204	496	720	229	492	721	1082	109	1191	727
"ID"	2012	"Bonneville"	"9"	2	221	428	683	272	407	679	871	248	1119	704
"ID"	2012	"Bonneville"	"10"	2	188	341	550	233	308	541	702	236	938	567
"ID"	2012	"Bonneville"	"11"	2	208	347	582	248	337	585	718	189	907	597
"ID"	2012	"Bonneville"	"12"	2	279	381	690	296	378	674	837	202	1039	705
"ID"	2012	"Bonneville"	"13"	2	256	585	861	263	594	857	1307	183	1490	875
"ID"	2012	"Bonneville"	"14"	2	242	375	645	247	399	646	822	171	993	666
"ID"	2012	"Bonneville"	"15"	2	227	561	814	265	541	806	1223	161	1384	823
"ID"	2012	"Bonneville"	"16"	2	219	505	747	240	505	745	1100	115	1215	757
"ID"	2012	"Bonneville"	"17"	2	218	544	783	245	542	787	947	254	1201	817
"ID"	2012	"Bonneville"	"18"	2	236	427	684	281	404	685	890	195	1085	706
"ID"	2012	"Bonneville"	"19"	2	200	398	620	220	396	616	802	167	969	630
"ID"	2012	"Bonneville"	"20"	2	220	461	706	240	459	699	961	183	1144	722
"ID"	2012	"Bonneville"	"21"	2	155	582	751	183	560	743	1009	234	1243	762
"ID"	2012	"Bonneville"	"22"	2	100	333	449	121	326	447	688	117	805	464
"ID"	2012	"Bonneville"	"23"	2	193	591	809	263	542	805	1023	210	1233	825
"ID"	2012	"Bonneville"	"24"	2	225	521	775	257	510	767	951	356	1307	803
"ID"	2012	"Bonneville"	"25"	2	127	477	612	122	474	596	831	166	997	620
"ID"	2012	"Bonneville"	"26"	2	177	494	687	203	480	683	940	141	1081	697
"ID"	2012	"Bonneville"	"27"	2	157	589	768	181	589	770	1116	156	1272	783
"ID"	2012	"Bonneville"	"37"	2	80	457	541	80	441	521	793	73	866	545
"ID"	2012	"Bonneville"	"38"	2	132	485	626	157	464	621	867	121	988	636
"ID"	2012	"Bonneville"	"39"	2	69	593	674	93	567	665	850	169	1019	686
"ID"	2012	"Bonneville"	"40"	2	148	532	694	180	497	677	813	319	1132	706
"ID"	2012	"Bonneville"	"41"	2	183	660	868	211	648	859	1220	263	1483	878
"ID"	2012	"Bonneville"	"42"	2	83	317	410	96	308	404	538	83	621	417
"ID"	2012	"Bonneville"	"43"	2	105	774	894	176	705	881	1132	187	1319	908
"ID"	2012	"Bonneville"	"44"	2	98	632	743	155	576	735	1030	144	1174	754
"ID"	2012	"Bonneville"	"45"	2	110	751	886	169	701	870	967	347	1314	896
"ID"	2012	"Bonneville"	"46"	2	147	631	796	195	590	786	971	263	1234	811
"ID"	2012	"Bonneville"	"47"	2	129	618	759	164	585	749	914	247	1161	776
"ID"	2012	"Bonneville"	"48"	2	184	745	944	225	704	929	1255	383	1638	967
"ID"	2012	"Bonneville"	"49"	2	144	696	869	208	648	856	1098	327	1425	885
"ID"	2012	"Bonneville"	"50"	2	112	532	651	125	525	650	915	168	1083	663
"ID"	2012	"Bonneville"	"51"	2	87	573	668	117	545	662	910	183	1093	675
"ID"	2012	"Bonneville"	"52"	2	127	868	1016	179	818	999	1309	304	1613	1024
"ID"	2012	"Bonneville"	"53"	2	120	841	985	182	799	981	1234	265	1499	1009
"ID"	2012	"Bonneville"	"54"	2	15	246	263	27	235	262	342	48	390	264
"ID"	2012	"Bonneville"	"55"	2	84	286	380	111	268	379	439	60	499	306
"ID"	2012	"Bonneville"	"56"	2	6	22	29	7	22	29	41	2	43	31
"ID"	2012	"Bonneville"	"57"	2	156	777	955	186	762	948	1255	287	1542	970
"ID"	2012	"Bonneville"	"58"	2	74	599	678	94	580	674	976	171	1147	687
"ID"	2012	"Bonneville"	"59"	2	84	603	699	118	562	680	961	197	1158	703
"ID"	2012	"Bonneville"	"Absentee 30"	2	902	3185	4151	926	3117	4044				4203
"ID"	2012	"Bonneville"	"Absentee 32"	2	63	392	461	69	380	449				545
"ID"	2012	"Bonneville"	"Absentee 33"	2	1070	2389	3521	1077	2383	3460				3572
"ID"	2012	"Bonneville"	"Absentee 34"	2	70	547	622	101	506	610				628
"ID"	2012	"Boundary"	"001-BF/Kootenai"	1	154	360	535	118	270	423	940	96	1036	550
"ID"	2012	"Boundary"	"002-Copeland"	1	68	222	301	57	168	250	568	48	616	322
"ID"	2012	"Boundary"	"004-Moyie Springs"	1	168	561	762	128	464	634	1345	106	1451	787
"ID"	2012	"Boundary"	"005-Naples"	1	144	444	615	110	344	504	1034	84	1118	631
"ID"	2012	"Boundary"	"006-North Bonners Ferry"	1	161	411	594	124	342	496	1085	115	1200	616
"ID"	2012	"Boundary"	"007-Valley View"	1	143	337	502	98	280	412	869	90	959	514
"ID"	2012	"Boundary"	"Absentee"	1	387	803	1235	323	735	1108				1266
"ID"	2012	"Boundary"	"Arco 1"	2	94	338	440	102	293	395	559	80	639	459
"ID"	2012	"Boundary"	"Arco 2"	2	94	163	262	84	146	230	350	40	390	267
"ID"	2012	"Boundary"	"Moore"	2	67	355	433	84	301	385	515	58	573	448
"ID"	2012	"Boundary"	"Howe"	2	3	145	151	11	115	126	183	15	198	155
"ID"	2012	"Camas"	"#1"	2	77	198	286	63	197	260	367	37	404	293
"ID"	2012	"Camas"	"#2"	2	82	204	292	71	180	251	396	30	426	298
"ID"	2012	"Canyon"	"01-09"	1	294	957	1294	265	888	1270	1610	173	1783	1320
"ID"	2012	"Canyon"	"02-09"	1	133	468	615	121	435	601	735	73	808	619
"ID"	2012	"Canyon"	"03-09"	1	257	974	1259	238	893	1211	1532	119	1651	1276
"ID"	2012	"Canyon"	"07-10"	1	359	392	773	278	403	763	964	191	1155	797
"ID"	2012	"Canyon"	"08-10"	1	296	540	865	262	505	849	1105	113	1218	882
"ID"	2012	"Canyon"	"09-10"	1	517	654	1213	427	610	1181	1804	137	1941	1233
"ID"	2012	"Canyon"	"10-10"	1	475	608	1130	411	551	1098	1604	145	1749	1154
"ID"	2012	"Canyon"	"11-10"	1	292	233	554	219	213	507	870	171	1041	574
"ID"	2012	"Canyon"	"12-10"	1	422	730	1182	348	704	1145	1539	203	1742	1200
"ID"	2012	"Canyon"	"13-10"	1	416	791	1233	329	751	1200	1583	151	1734	1260
"ID"	2012	"Canyon"	"14-10"	1	461	676	1178	405	635	1144	1616	129	1745	1205
"ID"	2012	"Canyon"	"15-10"	1	422	458	907	333	432	860	1297	171	1468	929
"ID"	2012	"Canyon"	"16-10"	1	464	1134	1645	373	1096	1587	1905	331	2236	1669
"ID"	2012	"Canyon"	"17-10"	1	358	555	933	279	537	920	1318	163	1481	960
"ID"	2012	"Canyon"	"18-10"	1	267	443	735	231	418	720	867	151	1018	747
"ID"	2012	"Canyon"	"19-10"	1	313	467	812	270	422	769	1024	159	1183	822
"ID"	2012	"Canyon"	"26-11"	1	219	961	1217	206	917	1194	1594	130	1724	1236
"ID"	2012	"Canyon"	"27-11"	1	280	1100	1406	278	1043	1370	1685	127	1812	1428
"ID"	2012	"Canyon"	"28-11"	1	192	622	830	180	584	814	995	65	1060	840
"ID"	2012	"Canyon"	"29-11"	1	320	1105	1456	324	1033	1430	1782	174	1956	1491
"ID"	2012	"Canyon"	"30-11"	1	254	767	1051	237	714	1022	1251	90	1341	1061
"ID"	2012	"Canyon"	"31-11"	1	349	750	1132	304	706	1096	1432	188	1620	1155
"ID"	2012	"Canyon"	"32-11"	1	190	618	821	178	583	803	973	98	1071	831
"ID"	2012	"Canyon"	"33-11"	1	142	465	624	124	445	612	791	45	836	638
"ID"	2012	"Canyon"	"34-11"	1	109	391	513	94	370	509	630	30	660	525
"ID"	2012	"Canyon"	"35-11"	1	188	780	993	200	720	981	1242	82	1324	1009
"ID"	2012	"Canyon"	"36-11"	1	259	407	689	210	417	679	973	78	1051	703
"ID"	2012	"Canyon"	"37-11"	1	180	655	854	141	646	842	1039	82	1121	870
"ID"	2012	"Canyon"	"38-11"	1	98	378	495	93	357	485	572	60	632	511
"ID"	2012	"Canyon"	"39-11"	1	295	915	1241	267	838	1201	1627	143	1770	1271
"ID"	2012	"Canyon"	"40-11"	1	300	731	1066	269	676	1027	1385	184	1569	1089
"ID"	2012	"Canyon"	"41-11"	1	393	936	1385	345	882	1347	1836	182	2018	1414
"ID"	2012	"Canyon"	"42-11"	1	313	1203	1549	280	1151	1509	1838	209	2047	1561
"ID"	2012	"Canyon"	"43-11"	1	103	332	445	98	325	443	521	43	564	455
"ID"	2012	"Canyon"	"49-12"	1	285	567	883	234	559	874	1065	179	1244	901
"ID"	2012	"Canyon"	"50-12"	1	237	523	779	213	502	777	1068	93	1161	803
"ID"	2012	"Canyon"	"51-12"	1	287	769	1078	249	689	1010	1245	161	1406	1089
"ID"	2012	"Canyon"	"52-12"	1	388	883	1310	364	829	1274	1505	262	1767	1330
"ID"	2012	"Canyon"	"53-12"	1	398	929	1362	317	887	1314	1523	386	1909	1382
"ID"	2012	"Canyon"	"54-12"	1	353	750	1128	325	723	1110	1392	183	1575	1152
"ID"	2012	"Canyon"	"55-12"	1	291	768	1070	256	737	1053	1282	103	1385	1090
"ID"	2012	"Canyon"	"56-12"	1	301	686	1013	276	690	1012	1278	121	1399	1044
"ID"	2012	"Canyon"	"57-12"	1	505	512	1061	464	492	1038	1427	289	1716	1107
"ID"	2012	"Canyon"	"58-12"	1	251	852	1137	255	782	1117	1358	164	1522	1164
"ID"	2012	"Canyon"	"59-12"	1	374	725	1128	332	706	1109	1269	238	1507	1155
"ID"	2012	"Canyon"	"60-12"	1	419	652	1122	344	629	1082	1477	226	1703	1146
"ID"	2012	"Canyon"	"61-12"	1	397	561	993	349	553	976	1395	196	1591	1029
"ID"	2012	"Canyon"	"62-12"	1	399	909	1345	357	857	1311	1611	226	1837	1373
"ID"	2012	"Canyon"	"69-13"	1	420	562	1019	364	535	995	1355	302	1657	1055
"ID"	2012	"Canyon"	"70-13"	1	269	674	969	256	620	937	1243	168	1411	988
"ID"	2012	"Canyon"	"71-13"	1	261	591	868	240	576	846	1080	76	1156	883
"ID"	2012	"Canyon"	"72-13"	1	303	672	1011	301	623	996	1251	138	1389	1038
"ID"	2012	"Canyon"	"73-13"	1	446	669	1156	366	638	1125	1654	247	1901	1184
"ID"	2012	"Canyon"	"74-13"	1	269	757	1053	256	724	1032	1217	164	1381	1069
"ID"	2012	"Canyon"	"75-13"	1	283	836	1150	238	820	1137	1432	174	1606	1180
"ID"	2012	"Canyon"	"76-13"	1	475	701	1216	425	687	1183	1707	319	2026	1247
"ID"	2012	"Canyon"	"77-13"	1	367	822	1227	348	778	1201	1615	192	1807	1246
"ID"	2012	"Canyon"	"78-13"	1	450	848	1343	380	818	1318	1810	233	2043	1382
"ID"	2012	"Canyon"	"79-13"	1	368	1042	1443	323	1016	1418	1691	154	1845	1473
"ID"	2012	"Canyon"	"80-13"	1	398	934	1361	346	883	1296	1716	178	1894	1385
"ID"	2012	"Canyon"	"81-13"	1	450	1080	1562	427	1047	1533	1893	159	2052	1589
"ID"	2012	"Canyon"	"82-13"	1	292	899	1208	251	865	1177	1392	175	1567	1220
"ID"	2012	"Caribou"	"Soda #1"	2	68	360	446	82	318	400	695	79	774	456
"ID"	2012	"Caribou"	"Soda #2"	2	59	323	398	88	261	350	617	69	686	418
"ID"	2012	"Caribou"	"Soda #3"	2	46	217	267	51	202	253	390	55	445	275
"ID"	2012	"Caribou"	"Soda #4"	2	35	237	274	43	199	242	354	45	399	278
"ID"	2012	"Caribou"	"Grace #1"	2	44	468	518	65	416	481	700	56	756	537
"ID"	2012	"Caribou"	"Grace #2"	2	18	250	271	33	216	249	390	36	426	283
"ID"	2012	"Caribou"	"Bancroft"	2	25	323	357	55	276	331	491	20	511	365
"ID"	2012	"Caribou"	"Wayan"	2	0	30	30	1	23	24	42	2	44	30
"ID"	2012	"Caribou"	"Freedom"	2	0	51	51	2	45	47	66	19	85	52
"ID"	2012	"Caribou"	"Absentee"	2	91	349	440	85	309	394				439
"ID"	2012	"Cassia"	"101 Burley 1"	2	84	111	203	92	106	198	280	64	344	208
"ID"	2012	"Cassia"	"102 Burley 2"	2	38	147	194	52	144	196	298	46	344	203
"ID"	2012	"Cassia"	"103 Burley 3"	2	75	351	429	81	347	428	637	85	722	441
"ID"	2012	"Cassia"	"104 Burley 4"	2	80	408	498	97	387	484	698	85	783	501
"ID"	2012	"Cassia"	"105 Burley 5"	2	72	344	429	77	344	421	628	90	718	436
"ID"	2012	"Cassia"	"106 Burley 6"	2	130	432	581	132	433	565	825	137	962	589
"ID"	2012	"Cassia"	"107 Burley 7"	2	54	66	122	55	70	125	205	32	237	131
"ID"	2012	"Cassia"	"108 Albion"	2	32	243	282	51	230	281	337	35	372	286
"ID"	2012	"Cassia"	"109 Almo"	2	12	85	97	11	86	97	108	1	109	98
"ID"	2012	"Cassia"	"110 Bridge"	2	1	44	47	3	39	42	51	4	55	48
"ID"	2012	"Cassia"	"111 Declo"	2	48	503	558	79	469	548	725	84	809	567
"ID"	2012	"Cassia"	"112 Elba"	2	1	95	96	2	89	91	115	2	117	96
"ID"	2012	"Cassia"	"113 Grandview"	2	25	291	323	29	289	318	481	44	525	325
"ID"	2012	"Cassia"	"114 Heglar-Yale"	2	3	84	87	3	83	86	103	7	110	89
"ID"	2012	"Cassia"	"115 Jackson"	2	18	159	177	22	149	171	219	29	248	178
"ID"	2012	"Cassia"	"116 Malta"	2	6	251	261	14	239	253	316	45	361	267
"ID"	2012	"Cassia"	"117 Oakley 1"	2	11	192	204	22	181	203	296	20	316	211
"ID"	2012	"Cassia"	"118 Oakley 2"	2	17	303	326	33	285	318	433	57	490	330
"ID"	2012	"Cassia"	"119 Parsons"	2	9	42	52	11	41	52	71	5	76	54
"ID"	2012	"Cassia"	"120 Pella"	2	23	220	245	23	219	242	319	42	361	247
"ID"	2012	"Cassia"	"121 Springdale"	2	43	396	440	48	389	437	609	57	666	447
"ID"	2012	"Cassia"	"122 Starrahs Ferry"	2	88	722	823	117	696	813	1020	157	1177	835
"ID"	2012	"Cassia"	"123 Sublett"	2	1	38	39	1	38	39	41	1	42	40
"ID"	2012	"Cassia"	"124 Unity"	2	42	465	516	61	440	501	692	68	760	518
"ID"	2012	"Cassia"	"125 View"	2	4	173	179	11	165	176	241	23	264	184
"ID"	2012	"Cassia"	"126 Absentee"	2	181	989	1188	182	964	1146				1206
"ID"	2012	"Clark"	"#1"	2	28	81	128	32	78	110	173	0	173	128
"ID"	2012	"Clark"	"#2"	2	30	56	88	26	49	75	113	12	125	99
"ID"	2012	"Clark"	"#3"	2	8	98	112	13	88	101	143	6	149	115
"ID"	2012	"Clearwater"	"1 Orofino"	1	105	256	372	114	221	362	625	87	712	389
"ID"	2012	"Clearwater"	"2 Orofino"	1	110	254	376	120	220	364	558	71	629	382
"ID"	2012	"Clearwater"	"3 Orofino"	1	105	281	402	106	258	388	628	64	692	415
"ID"	2012	"Clearwater"	"4 Orofino"	1	57	211	273	59	191	265	387	56	443	275
"ID"	2012	"Clearwater"	"5 Orofino"	1	120	247	376	141	202	372	578	73	651	387
"ID"	2012	"Clearwater"	"6 Fraser"	1	10	58	69	14	55	73	87	5	92	74
"ID"	2012	"Clearwater"	"7 Greer"	1	13	17	32	16	16	33	46	6	52	35
"ID"	2012	"Clearwater"	"8 Teakean"	1	30	107	140	38	98	141	193	15	208	145
"ID"	2012	"Clearwater"	"9 Weippe"	1	76	282	375	111	235	374	530	73	603	397
"ID"	2012	"Clearwater"	"10 Headquarters"	1	2	16	18	3	13	16	23	2	25	18
"ID"	2012	"Clearwater"	"11 Ahsahka"	1	64	142	216	54	138	213	332	38	370	221
"ID"	2012	"Clearwater"	"12 Pierce"	1	50	170	226	69	145	230	363	27	390	236
"ID"	2012	"Clearwater"	"13 Elk River"	1	27	44	79	32	41	80	109	1	110	84
"ID"	2012	"Clearwater"	"14 Grangemont"	1	27	65	93	28	59	87	103	4	107	94
"ID"	2012	"Clearwater"	"Absentee"	1	236	391	649	266	351	640				667
"ID"	2012	"Custer"	"Challis 1"	2	92	266	372	97	246	343	615	91	706	372
"ID"	2012	"Custer"	"Mackay"	2	75	115	200	65	119	184	342	32	374	217
"ID"	2012	"Custer"	"Leslie"	2	49	248	310	59	221	280	459	22	481	323
"ID"	2012	"Custer"	"Battleground"	2	18	79	99	17	81	98	117	0	117	102
"ID"	2012	"Custer"	"Stanley"	2	73	37	119	65	45	110	220	37	257	121
"ID"	2012	"Custer"	"Clayton"	2	11	83	97	20	77	97	171	12	183	112
"ID"	2012	"Custer"	"Round Valley 1"	2	40	314	362	52	265	317	551	53	604	372
"ID"	2012	"Custer"	"Round Valley 2"	2	28	186	222	30	163	193	351	25	376	224
"ID"	2012	"Custer"	"Sunol"	2	8	42	50	6	35	41	61	0	61	50
"ID"	2012	"Custer"	"Absentee"	2	136	374	521	144	327	471				533
"ID"	2012	"Elmore"	"Mtn. Home #1"	2	87	256	349	96	249	345	749	156	905	360
"ID"	2012	"Elmore"	"Mtn. Home #2"	2	179	353	557	183	373	556	1084	161	1245	577
"ID"	2012	"Elmore"	"Mtn. Home #3"	2	173	290	491	182	317	499	890	159	1049	518
"ID"	2012	"Elmore"	"Mtn. Home #4"	2	143	288	452	139	313	452	835	138	973	465
"ID"	2012	"Elmore"	"Mtn. Home #5"	2	138	370	527	151	376	527	950	123	1073	539
"ID"	2012	"Elmore"	"Mtn. Home #6"	2	129	280	422	124	291	415	760	88	848	431
"ID"	2012	"Elmore"	"Mtn. Home #7"	2	154	303	469	137	326	463	837	106	943	474
"ID"	2012	"Elmore"	"Mtn. Home #8"	2	231	541	804	244	554	798	1399	249	1648	830
"ID"	2012	"Elmore"	"Mtn. Home #9"	2	185	384	582	181	386	567	1049	168	1217	595
"ID"	2012	"Elmore"	"Atlanta"	2	7	15	28	9	18	27	41	0	41	28
"ID"	2012	"Elmore"	"Camas"	2	4	10	14	4	10	14	19	0	19	14
"ID"	2012	"Elmore"	"Chattin Flats"	2	6	43	50	6	44	50	69	2	71	50
"ID"	2012	"Elmore"	"Glenns Ferry"	2	178	314	510	156	356	512	728	88	816	532
"ID"	2012	"Elmore"	"Hammett"	2	32	117	157	29	126	155	223	32	255	158
"ID"	2012	"Elmore"	"King Hill"	2	54	91	150	43	103	146	192	22	214	151
"ID"	2012	"Elmore"	"Mayfield"	2	31	82	115	32	82	114	198	31	229	116
"ID"	2012	"Elmore"	"Pine"	2	12	51	64	14	50	64	117	8	125	67
"ID"	2012	"Elmore"	"Prairie"	2	9	42	53	9	45	54	73	4	77	55
"ID"	2012	"Elmore"	"Absentee 23"	2	761	1397	2207	708	1472	2180				2250
"ID"	2012	"Franklin"	"Preston #1"	2	24	343	368	47	321	368	498	85	583	376
"ID"	2012	"Franklin"	"Preston #2"	2	19	397	424	43	384	427	519	119	638	442
"ID"	2012	"Franklin"	"Preston #3"	2	20	331	356	36	314	350	437	60	497	362
"ID"	2012	"Franklin"	"Preston #4"	2	29	266	301	45	256	301	374	66	440	306
"ID"	2012	"Franklin"	"Preston #5"	2	22	335	360	39	321	360	475	68	543	366
"ID"	2012	"Franklin"	"Banida-Winder #6"	2	3	113	117	12	100	112	141	15	156	119
"ID"	2012	"Franklin"	"Clifton-Oxford #7"	2	9	205	219	35	181	216	270	30	300	223
"ID"	2012	"Franklin"	"Dayton #8"	2	12	300	318	27	294	321	435	37	472	327
"ID"	2012	"Franklin"	"Fairview #9"	2	23	320	346	38	307	345	405	47	452	353
"ID"	2012	"Franklin"	"Franklin #10"	2	33	423	462	63	401	464	535	104	639	472
"ID"	2012	"Franklin"	"Mapleton #11"	2	14	208	229	29	196	225	289	39	328	232
"ID"	2012	"Franklin"	"Mink Creek #12"	2	6	126	132	11	121	132	167	19	186	134
"ID"	2012	"Franklin"	"Thatcher-Cleveland #13"	2	6	105	114	19	96	115	133	16	149	117
"ID"	2012	"Franklin"	"Treasureton-Riverdale #14"	2	16	205	227	22	204	226	329	19	348	231
"ID"	2012	"Franklin"	"Weston #15"	2	13	384	400	27	379	406	450	81	531	414
"ID"	2012	"Franklin"	"Whitney #16"	2	10	290	302	22	275	297	369	32	401	305
"ID"	2012	"Franklin"	"Worm Creek #17"	2	7	148	156	13	142	155	244	27	271	158
"ID"	2012	"Franklin"	"Absentee #18"	2	59	696	769	85	675	760				764
"ID"	2012	"Fremont"	"1"	2	77	266	350	93	250	343	722	39	761	352
"ID"	2012	"Fremont"	"2"	2	22	407	436	55	367	422	610	88	698	449
"ID"	2012	"Fremont"	"3"	2	32	318	351	54	290	344	417	54	471	355
"ID"	2012	"Fremont"	"4"	2	55	308	374	71	300	371	482	52	534	381
"ID"	2012	"Fremont"	"5"	2	36	237	280	49	232	281	418	36	454	287
"ID"	2012	"Fremont"	"6"	2	39	289	330	59	269	328	487	43	530	335
"ID"	2012	"Fremont"	"7"	2	96	371	476	125	347	472	688	113	801	486
"ID"	2012	"Fremont"	"8"	2	67	406	475	101	364	465	670	79	749	479
"ID"	2012	"Fremont"	"9"	2	63	241	308	77	225	302	405	73	478	312
"ID"	2012	"Fremont"	"10"	2	42	391	443	76	361	437	603	65	668	456
"ID"	2012	"Fremont"	"11"	2	42	447	494	77	411	488	650	78	728	502
"ID"	2012	"Fremont"	"12"	2	31	268	306	53	250	303	380	55	435	311
"ID"	2012	"Fremont"	"13"	2	17	155	172	22	151	173	199	22	221	180
"ID"	2012	"Fremont"	"Absentee"	2	191	803	1007	208	793	1001				1023
"ID"	2012	"Gem"	"01 Central"	1	135	236	384	124	232	377	675	131	806	393
"ID"	2012	"Gem"	"02 North Emmett"	1	114	204	329	102	191	322	559	98	657	339
"ID"	2012	"Gem"	"03 Butteview"	1	133	271	418	111	260	402	778	106	884	427
"ID"	2012	"Gem"	"04 South Emmett"	1	125	253	396	96	241	375	733	143	876	402
"ID"	2012	"Gem"	"05 West Emmett"	1	123	378	524	111	367	520	937	110	1047	540
"ID"	2012	"Gem"	"06 Emerson"	1	141	400	560	129	387	551	981	111	1092	565
"ID"	2012	"Gem"	"07 Lincoln"	1	116	380	506	104	359	493	910	97	1007	518
"ID"	2012	"Gem"	"08 Letha"	1	87	400	503	79	391	502	807	114	921	516
"ID"	2012	"Gem"	"09 Hanna"	1	89	385	484	86	370	485	800	81	881	496
"ID"	2012	"Gem"	"10 Brick"	1	70	293	374	62	285	371	623	79	702	384
"ID"	2012	"Gem"	"11 Bench"	1	108	324	439	102	307	435	766	62	828	453
"ID"	2012	"Gem"	"12 Sweet/Montour"	1	111	256	376	101	258	373	496	64	560	382
"ID"	2012	"Gem"	"13 Ola"	1	21	65	91	19	70	90	119	5	124	93
"ID"	2012	"Gem"	"14 Absentee"	1	584	1466	2106	539	1431	2068				2148
"ID"	2012	"Gooding"	"2 Gooding City"	2	296	554	879	280	598	878	1320	156	1476	910
"ID"	2012	"Gooding"	"3 Gooding Rural"	2	183	810	1017	199	816	1016	1403	119	1522	1037
"ID"	2012	"Gooding"	"4 Wendell City"	2	200	431	646	190	456	646	977	108	1085	666
"ID"	2012	"Gooding"	"5 Wendell Rural"	2	101	565	685	113	553	670	938	87	1025	701
"ID"	2012	"Gooding"	"6 Bliss"	2	58	166	231	62	167	229	326	36	362	236
"ID"	2012	"Gooding"	"7 Hagerman"	2	212	667	903	242	656	898	1204	128	1332	934
"ID"	2012	"Gooding"	"8 Absentee"	2	237	503	757	226	524	750				773
"ID"	2012	"Idaho"	"001 Big Butte"	1	9	44	54	9	39	51	65	0	65	55
"ID"	2012	"Idaho"	"002 Clearwater"	1	22	168	194	28	132	165	318	14	332	199
"ID"	2012	"Idaho"	"003 Cottonwood #1"	1	37	183	226	37	147	194	382	26	408	227
"ID"	2012	"Idaho"	"004 Cottonwood #2"	1	51	193	253	70	143	219	357	33	390	257
"ID"	2012	"Idaho"	"005 Elk City"	1	24	92	123	19	68	97	289	17	306	125
"ID"	2012	"Idaho"	"006 Fenn"	1	19	87	108	22	72	98	161	7	168	112
"ID"	2012	"Idaho"	"007 Ferdinand"	1	29	114	147	29	98	132	233	15	248	157
"ID"	2012	"Idaho"	"008 Greencreek"	1	39	104	144	47	84	135	212	7	219	153
"ID"	2012	"Idaho"	"009 Glover"	1	17	91	116	17	82	112	189	10	199	121
"ID"	2012	"Idaho"	"010 Grangeville #1"	1	40	245	292	52	198	260	569	25	594	302
"ID"	2012	"Idaho"	"011 Grangeville #2"	1	55	229	290	69	173	259	527	24	551	302
"ID"	2012	"Idaho"	"012 Grangeville #3"	1	57	205	269	56	167	236	503	20	523	284
"ID"	2012	"Idaho"	"013 Grangeville #4"	1	89	311	405	92	246	350	801	53	854	412
"ID"	2012	"Idaho"	"014 Grangeville #5"	1	79	382	467	102	307	426	862	24	886	476
"ID"	2012	"Idaho"	"015 Harpster"	1	37	99	140	41	84	135	284	4	288	148
"ID"	2012	"Idaho"	"016 Joseph"	1	2	15	19	3	15	19	23	0	23	19
"ID"	2012	"Idaho"	"017 Kamiah"	1	160	415	588	154	344	526	905	81	986	605
"ID"	2012	"Idaho"	"018 Keuterville"	1	23	91	117	25	80	106	218	16	234	126
"ID"	2012	"Idaho"	"019 Kooskia"	1	132	461	618	129	388	553	1119	64	1183	656
"ID"	2012	"Idaho"	"020 Lowell"	1	22	56	79	24	47	73	106	0	106	81
"ID"	2012	"Idaho"	"021 Pollock"	1	47	167	219	47	137	195	349	25	374	231
"ID"	2012	"Idaho"	"022 Riggins"	1	79	238	327	61	203	276	542	17	559	339
"ID"	2012	"Idaho"	"023 Slate Creek 1"	1	14	101	115	20	84	109	132	1	133	115
"ID"	2012	"Idaho"	"024 Stites"	1	30	148	183	37	107	157	334	20	354	192
"ID"	2012	"Idaho"	"025 Whitebird"	1	34	150	186	37	116	156	336	7	343	194
"ID"	2012	"Idaho"	"026 Woodland"	1	11	89	111	16	78	101	200	10	210	117
"ID"	2012	"Idaho"	"027 Slate Creek 2"	1	8	24	33	6	23	30	37	0	37	35
"ID"	2012	"Idaho"	"028 Absentee"	1	542	1419	2014	575	1214	1866				2078
"ID"	2012	"Idaho"	"Annis"	2	22	218	243	36	202	238	304	32	336	247
"ID"	2012	"Idaho"	"Clark"	2	90	608	711	140	565	705	967	98	1065	719
"ID"	2012	"Idaho"	"Garfield"	2	101	909	1029	166	832	998	1434	217	1651	1038
"ID"	2012	"Idaho"	"Grant"	2	51	417	476	80	392	472	654	78	732	486
"ID"	2012	"Idaho"	"Hamer"	2	18	217	236	26	206	232	291	32	323	237
"ID"	2012	"Idaho"	"Labelle"	2	45	480	530	61	456	517	710	59	769	533
"ID"	2012	"Idaho"	"Lewisville"	2	62	408	482	87	388	477	685	77	762	491
"ID"	2012	"Idaho"	"Lorenzo"	2	15	203	218	27	184	213	271	46	317	220
"ID"	2012	"Idaho"	"Menan"	2	66	555	628	108	506	614	768	86	854	640
"ID"	2012	"Idaho"	"Monteview"	2	21	158	193	22	157	179	250	22	272	197
"ID"	2012	"Idaho"	"Rigby 1"	2	64	387	463	95	361	456	626	114	740	478
"ID"	2012	"Idaho"	"Rigby 2"	2	47	251	303	72	234	306	450	58	508	312
"ID"	2012	"Idaho"	"Rigby 3"	2	155	1331	1513	236	1263	1499	2037	351	2388	1536
"ID"	2012	"Idaho"	"Rigby 4"	2	88	698	798	153	636	789	1035	195	1230	811
"ID"	2012	"Idaho"	"Ririe"	2	93	581	683	128	548	676	832	123	955	698
"ID"	2012	"Idaho"	"Roberts"	2	83	356	449	115	336	451	565	78	643	461
"ID"	2012	"Idaho"	"Terreton"	2	46	368	422	60	358	418	530	42	572	429
"ID"	2012	"Idaho"	"Absentee"	2	236	1750	2004	266	1702	1968				2030
"ID"	2012	"Jerome"	"Bishop-Court"	2	135	272	425	132	290	422	705	70	775	438
"ID"	2012	"Jerome"	"Canyonside"	2	185	768	968	180	764	944	1663	150	1813	983
"ID"	2012	"Jerome"	"Eden"	2	70	237	313	68	247	315	482	53	535	324
"ID"	2012	"Jerome"	"Falls City"	2	53	280	340	68	273	341	499	39	538	348
"ID"	2012	"Jerome"	"Hazelton"	2	111	420	542	115	421	536	871	84	955	553
"ID"	2012	"Jerome"	"Northeast"	2	244	511	786	237	543	780	1145	194	1339	807
"ID"	2012	"Jerome"	"Northwest"	2	125	300	441	136	299	435	765	87	852	452
"ID"	2012	"Jerome"	"Shepherd-View"	2	166	459	637	142	504	648	1020	111	1131	658
"ID"	2012	"Jerome"	"Southeast"	2	110	200	319	103	214	317	461	71	532	323
"ID"	2012	"Jerome"	"Southwest"	2	150	415	589	162	427	589	966	118	1084	611
"ID"	2012	"Jerome"	"Absentee"	2	350	942	1321	329	983	1312				1351
"ID"	2012	"Kootenai"	"01"	1	180	483	691	152	459	674	1095	143	1238	710
"ID"	2012	"Kootenai"	"02"	1	142	561	725	127	527	701	1184	85	1269	734
"ID"	2012	"Kootenai"	"03"	1	169	534	732	159	508	720	1190	101	1291	750
"ID"	2012	"Kootenai"	"04"	1	151	354	531	151	314	518	856	79	935	538
"ID"	2012	"Kootenai"	"05"	1	242	624	889	212	586	861	1469	124	1593	905
"ID"	2012	"Kootenai"	"06"	1	194	795	1006	180	725	989	1675	146	1821	1024
"ID"	2012	"Kootenai"	"07"	1	226	690	951	212	665	944	1718	126	1844	979
"ID"	2012	"Kootenai"	"08"	1	255	719	988	226	685	976	1642	217	1859	1013
"ID"	2012	"Kootenai"	"09"	1	257	618	916	218	598	885	1487	219	1706	941
"ID"	2012	"Kootenai"	"10"	1	99	179	286	77	171	271	459	61	520	294
"ID"	2012	"Kootenai"	"11"	1	194	446	659	163	435	644	1027	140	1167	682
"ID"	2012	"Kootenai"	"12"	1	92	235	337	86	226	329	590	61	651	344
"ID"	2012	"Kootenai"	"13"	1	56	253	320	54	245	307	596	31	627	324
"ID"	2012	"Kootenai"	"14"	1	157	475	651	149	440	637	1124	134	1258	660
"ID"	2012	"Kootenai"	"15"	1	225	587	831	199	550	794	1416	123	1539	837
"ID"	2012	"Kootenai"	"16"	1	196	590	801	179	551	771	1504	81	1585	813
"ID"	2012	"Kootenai"	"17"	1	154	375	541	134	355	518	871	110	981	552
"ID"	2012	"Kootenai"	"18"	1	217	606	853	200	549	825	1657	175	1832	874
"ID"	2012	"Kootenai"	"19"	1	206	475	694	195	447	674	1176	146	1322	717
"ID"	2012	"Kootenai"	"20"	1	248	574	834	233	528	804	1582	193	1775	852
"ID"	2012	"Kootenai"	"21"	1	168	377	558	163	349	541	964	90	1054	567
"ID"	2012	"Kootenai"	"22"	1	177	509	701	172	462	669	1439	83	1522	707
"ID"	2012	"Kootenai"	"23"	1	197	425	644	172	409	636	1025	186	1211	658
"ID"	2012	"Kootenai"	"24"	1	188	304	498	164	279	477	782	100	882	510
"ID"	2012	"Kootenai"	"25"	1	271	530	826	234	489	782	1343	235	1578	838
"ID"	2012	"Kootenai"	"26"	1	146	305	467	125	278	459	706	98	804	482
"ID"	2012	"Kootenai"	"27"	1	122	290	426	105	251	403	713	93	806	435
"ID"	2012	"Kootenai"	"28"	1	277	821	1131	247	773	1109	1545	344	1889	1158
"ID"	2012	"Kootenai"	"29"	1	152	312	481	157	292	474	776	107	883	499
"ID"	2012	"Kootenai"	"30"	1	192	497	716	161	473	697	1229	209	1438	731
"ID"	2012	"Kootenai"	"31"	1	60	132	207	59	124	196	406	52	458	210
"ID"	2012	"Kootenai"	"32"	1	221	401	652	194	402	636	1000	154	1154	666
"ID"	2012	"Kootenai"	"33"	1	112	215	342	106	207	339	667	60	727	349
"ID"	2012	"Kootenai"	"34"	1	201	543	758	173	500	725	1346	113	1459	773
"ID"	2012	"Kootenai"	"35"	1	133	216	366	97	203	345	631	97	728	372
"ID"	2012	"Kootenai"	"36"	1	60	266	334	48	256	325	697	66	763	342
"ID"	2012	"Kootenai"	"37"	1	118	383	506	109	346	492	826	144	970	515
"ID"	2012	"Kootenai"	"38"	1	270	508	797	252	487	776	1454	176	1630	813
"ID"	2012	"Kootenai"	"39"	1	337	781	1155	279	753	1117	1761	387	2148	1189
"ID"	2012	"Kootenai"	"40"	1	260	499	774	220	468	744	1603	172	1775	813
"ID"	2012	"Kootenai"	"41"	1	165	443	624	143	427	607	1129	59	1188	648
"ID"	2012	"Kootenai"	"42"	1	235	352	602	200	354	595	1153	121	1274	620
"ID"	2012	"Kootenai"	"43"	1	228	391	636	205	369	613	1222	111	1333	649
"ID"	2012	"Kootenai"	"44"	1	176	241	436	164	229	428	759	106	865	444
"ID"	2012	"Kootenai"	"45"	1	192	310	514	159	301	492	968	171	1139	523
"ID"	2012	"Kootenai"	"46"	1	223	410	656	212	392	643	1368	98	1466	667
"ID"	2012	"Kootenai"	"47"	1	260	499	778	236	482	751	1652	103	1755	792
"ID"	2012	"Kootenai"	"48"	1	146	222	385	121	201	364	768	98	866	396
"ID"	2012	"Kootenai"	"49"	1	176	254	446	163	241	433	870	103	973	461
"ID"	2012	"Kootenai"	"50"	1	170	269	447	153	246	426	788	78	866	457
"ID"	2012	"Kootenai"	"51"	1	150	170	338	140	162	325	700	125	825	342
"ID"	2012	"Kootenai"	"52"	1	173	221	411	143	226	410	733	86	819	429
"ID"	2012	"Kootenai"	"53"	1	230	241	493	195	240	479	908	163	1071	510
"ID"	2012	"Kootenai"	"54"	1	230	175	423	190	176	418	969	119	1088	435
"ID"	2012	"Kootenai"	"55"	1	204	139	367	178	132	344	754	94	848	372
"ID"	2012	"Kootenai"	"56"	1	181	159	363	168	146	359	693	81	774	374
"ID"	2012	"Kootenai"	"57"	1	190	230	441	176	220	431	828	102	930	452
"ID"	2012	"Kootenai"	"58"	1	265	209	499	236	197	481	940	125	1065	521
"ID"	2012	"Kootenai"	"59"	1	187	130	328	157	125	313	663	70	733	336
"ID"	2012	"Kootenai"	"60"	1	163	113	289	141	114	280	542	75	617	298
"ID"	2012	"Kootenai"	"61"	1	184	540	753	169	540	744	1527	81	1608	776
"ID"	2012	"Kootenai"	"62"	1	110	200	319	96	186	310	640	68	708	324
"ID"	2012	"Kootenai"	"63"	1	139	539	691	117	534	685	1150	94	1244	708
"ID"	2012	"Kootenai"	"64"	1	77	267	347	74	250	350	664	46	710	360
"ID"	2012	"Kootenai"	"65"	1	113	331	464	101	334	457	851	61	912	473
"ID"	2012	"Kootenai"	"66"	1	136	351	498	132	346	496	862	34	896	510
"ID"	2012	"Kootenai"	"67"	1	58	173	240	58	174	240	523	24	547	244
"ID"	2012	"Kootenai"	"68"	1	157	313	481	150	290	459	806	39	845	486
"ID"	2012	"Kootenai"	"69"	1	225	274	515	196	270	504	1035	73	1108	525
"ID"	2012	"Kootenai"	"70"	1	114	217	344	111	202	336	575	45	620	352
"ID"	2012	"Kootenai"	"Absentee 71"	1	2155	5040	7318	1978	4861	7130				7422
"ID"	2012	"Kootenai"	"Absentee 72"	1	1512	3505	5112	1389	3356	4964				5177
"ID"	2012	"Kootenai"	"Absentee 73"	1	2605	3966	6695	2418	3781	6480				6776
"ID"	2012	"Latah"	"Moscow 1"	1	86	90	191	58	96	180	266	100	366	196
"ID"	2012	"Latah"	"Moscow 2"	1	299	254	585	258	253	572	1033	241	1274	618
"ID"	2012	"Latah"	"Moscow 3"	1	244	249	531	210	267	515	953	136	1089	551
"ID"	2012	"Latah"	"Moscow 4"	1	229	275	531	226	267	522	892	91	983	543
"ID"	2012	"Latah"	"Moscow 5"	1	246	268	535	226	265	524	863	104	967	553
"ID"	2012	"Latah"	"Moscow 6"	1	352	172	559	299	189	550	895	240	1135	588
"ID"	2012	"Latah"	"Moscow 7"	1	319	341	706	283	341	689	1063	267	1330	732
"ID"	2012	"Latah"	"Moscow 8"	1	370	180	586	247	201	524	550	418	968	603
"ID"	2012	"Latah"	"Moscow 9"	1	295	188	500	256	207	488	811	80	891	518
"ID"	2012	"Latah"	"Moscow 10"	1	283	191	499	271	185	495	800	114	914	522
"ID"	2012	"Latah"	"Moscow 11"	1	336	145	520	324	161	524	929	132	1061	555
"ID"	2012	"Latah"	"Moscow 12"	1	278	295	594	258	268	559	951	138	1089	605
"ID"	2012	"Latah"	"Moscow 13"	1	226	132	372	214	138	363	688	79	767	389
"ID"	2012	"Latah"	"Moscow 14"	1	272	138	459	252	144	442	839	177	1016	479
"ID"	2012	"Latah"	"Moscow 15"	1	267	156	446	260	149	441	857	123	980	471
"ID"	2012	"Latah"	"Moscow 16"	1	325	143	529	260	162	499	923	289	1212	559
"ID"	2012	"Latah"	"Moscow 17"	1	241	273	539	224	262	524	937	77	1014	556
"ID"	2012	"Latah"	"Moscow 18"	1	259	171	467	210	174	438	792	276	1068	477
"ID"	2012	"Latah"	"19 Deary"	1	192	335	546	191	313	518	730	83	813	562
"ID"	2012	"Latah"	"20 Farmington"	1	2	21	23	4	19	23	28	0	28	23
"ID"	2012	"Latah"	"21 Genesee"	1	218	360	602	235	307	591	931	69	1000	612
"ID"	2012	"Latah"	"22 Harvard"	1	34	116	156	35	110	153	225	14	239	158
"ID"	2012	"Latah"	"23 Juliaetta"	1	82	170	261	83	141	250	388	35	423	266
"ID"	2012	"Latah"	"24 Kendrick"	1	91	143	238	88	136	234	342	25	367	245
"ID"	2012	"Latah"	"25 Linden"	1	14	58	74	22	47	72	80	5	85	75
"ID"	2012	"Latah"	"26 Palouse"	1	47	138	192	51	122	186	298	6	304	199
"ID"	2012	"Latah"	"27 Potlatch"	1	187	327	540	185	302	524	833	53	886	565
"ID"	2012	"Latah"	"28 Princeton"	1	81	205	303	72	214	297	417	18	435	311
"ID"	2012	"Latah"	"29 Troy"	1	345	446	825	329	434	812	1213	117	1330	853
"ID"	2012	"Latah"	"30 Viola"	1	100	152	263	95	150	251	373	27	400	267
"ID"	2012	"Latah"	"31 Cora"	1	37	91	136	34	91	137	218	13	231	143
"ID"	2012	"Latah"	"32 Bovill"	1	49	56	108	51	53	110	163	20	183	121
"ID"	2012	"Latah"	"36 Absentee"	1	1900	1310	3346	1834	1341	3302				3404
"ID"	2012	"Lemhi"	"Salmon"	2	147	503	666	157	503	660	1283	56	1339	680
"ID"	2012	"Lemhi"	"Depot"	2	100	465	575	101	467	568	1103	40	1143	585
"ID"	2012	"Lemhi"	"Brooklyn"	2	208	602	855	216	623	839	1591	75	1666	872
"ID"	2012	"Lemhi"	"North Fork"	2	44	119	164	51	112	163	302	12	314	170
"ID"	2012	"Lemhi"	"Mineral Hill"	2	5	40	45	9	33	42	47	1	48	46
"ID"	2012	"Lemhi"	"Iron Creek"	2	27	73	102	30	68	98	195	8	203	103
"ID"	2012	"Lemhi"	"Pahsimeroi"	2	10	64	78	10	66	76	85	1	86	78
"ID"	2012	"Lemhi"	"Lemhi"	2	32	147	184	31	145	176	277	14	291	185
"ID"	2012	"Lemhi"	"Junction"	2	16	130	153	27	123	150	196	23	219	154
"ID"	2012	"Lemhi"	"Absentee"	2	371	886	1288	359	908	1267				1320
"ID"	2012	"Lewis"	"001-Nezperce"	1	102	220	338	117	192	316	438	22	460	343
"ID"	2012	"Lewis"	"002-West Kamiah"	1	98	351	456	118	281	413	600	60	660	469
"ID"	2012	"Lewis"	"003-East Kamiah"	1	28	97	133	30	85	122	168	26	194	142
"ID"	2012	"Lewis"	"004-Craigmont"	1	92	243	339	99	210	325	396	36	432	350
"ID"	2012	"Lewis"	"005-Winchester"	1	59	198	263	68	162	252	314	36	350	279
"ID"	2012	"Lewis"	"006-Reubens"	1	9	20	31	15	12	29	41	0	41	31
"ID"	2012	"Lewis"	"007-Mohler"	1	5	38	45	7	34	41	47	0	47	45
"ID"	2012	"Lewis"	"008-Slickpoo"	1	3	6	9	7	1	8	9	0	9	9
"ID"	2012	"Lincoln"	"Shoshone 1"	2	99	149	253	77	154	231	381	47	428	265
"ID"	2012	"Lincoln"	"Shoshone 2"	2	100	142	248	79	136	215	408	67	475	257
"ID"	2012	"Lincoln"	"Shoshone 3"	2	61	202	276	64	193	257	404	60	464	288
"ID"	2012	"Lincoln"	"Richfield 4"	2	42	230	280	43	218	261	501	79	580	342
"ID"	2012	"Lincoln"	"Dietrich 5"	2	82	230	323	72	231	303	356	37	393	292
"ID"	2012	"Lincoln"	"Kimama 6"	2	0	24	24	2	21	23	27	2	29	24
"ID"	2012	"Lincoln"	"Absentee 7"	2	85	164	258	77	156	233				264
"ID"	2012	"Madison"	"1"	2	7	269	281	32	245	277	320	39	359	284
"ID"	2012	"Madison"	"2"	2	50	719	789	95	672	767	1032	172	1204	798
"ID"	2012	"Madison"	"3"	2	45	804	852	77	753	830	1134	206	1340	865
"ID"	2012	"Madison"	"4"	2	17	320	339	35	306	341	430	72	502	344
"ID"	2012	"Madison"	"5"	2	55	802	861	105	729	834	1239	326	1565	866
"ID"	2012	"Madison"	"6"	2	47	753	807	96	698	795	1014	178	1192	813
"ID"	2012	"Madison"	"7"	2	51	824	886	99	756	855	1171	120	1291	897
"ID"	2012	"Madison"	"8"	2	40	728	774	75	667	742	706	448	1154	779
"ID"	2012	"Madison"	"9"	2	52	1028	1087	111	935	1046	1553	460	2013	1091
"ID"	2012	"Madison"	"10"	2	15	363	383	33	325	358	398	242	640	385
"ID"	2012	"Madison"	"11"	2	23	444	474	47	388	435	418	347	765	480
"ID"	2012	"Madison"	"12"	2	24	540	569	35	459	494	388	427	815	572
"ID"	2012	"Madison"	"13"	2	25	550	582	49	480	536	415	437	852	586
"ID"	2012	"Madison"	"14"	2	32	549	589	56	489	545	698	219	917	594
"ID"	2012	"Madison"	"15"	2	25	649	678	56	693	749	1029	316	1345	786
"ID"	2012	"Madison"	"16"	2	65	730	802	112	671	786	1128	195	1323	809
"ID"	2012	"Madison"	"17"	2	11	209	221	16	201	217	291	37	328	223
"ID"	2012	"Madison"	"18"	2	42	596	642	83	553	636	764	169	933	652
"ID"	2012	"Madison"	"19"	2	41	506	551	91	455	546	658	110	768	558
"ID"	2012	"Madison"	"Absentee"	2	165	2062	2245	235	1953	2188				2260
"ID"	2012	"Minidoka"	"1 Acequia"	2	83	428	515	87	424	511	694	110	804	523
"ID"	2012	"Minidoka"	"2 Emerson"	2	107	601	729	136	576	712	942	122	1064	734
"ID"	2012	"Minidoka"	"3 Heyburn 1"	2	156	397	566	169	379	548	751	163	914	575
"ID"	2012	"Minidoka"	"4 Heyburn 2"	2	103	545	664	111	542	653	904	172	1076	679
"ID"	2012	"Minidoka"	"5 Paul"	2	127	496	636	174	461	635	763	139	902	642
"ID"	2012	"Minidoka"	"6 Pioneer"	2	64	553	628	84	538	622	832	127	959	633
"ID"	2012	"Minidoka"	"7 Rupert 1"	2	130	316	455	119	334	453	594	110	704	460
"ID"	2012	"Minidoka"	"8 Rupert 2"	2	121	391	522	147	376	523	695	155	850	533
"ID"	2012	"Minidoka"	"9 Rupert 3"	2	95	175	280	98	181	279	425	87	512	285
"ID"	2012	"Minidoka"	"10 Rupert 4"	2	103	381	498	114	377	491	672	110	782	504
"ID"	2012	"Minidoka"	"11 Rupert 5"	2	84	268	358	92	264	356	588	57	645	368
"ID"	2012	"Minidoka"	"12 Absentee"	2	217	891	1122	211	895	1106				1151
"ID"	2012	"Nez Perce"	"Lewiston 1"	1	174	151	339	177	137	332	645	114	759	349
"ID"	2012	"Nez Perce"	"Lewiston 2"	1	164	230	409	179	192	398	739	94	833	421
"ID"	2012	"Nez Perce"	"Lewiston 3"	1	267	286	578	262	264	559	896	166	1062	591
"ID"	2012	"Nez Perce"	"Lewiston 4"	1	169	234	417	174	206	406	676	88	764	423
"ID"	2012	"Nez Perce"	"Lewiston 5"	1	136	179	325	146	154	319	580	70	650	338
"ID"	2012	"Nez Perce"	"Lewiston 6"	1	233	303	549	248	265	533	919	118	1037	562
"ID"	2012	"Nez Perce"	"Lewiston 7"	1	127	212	349	147	177	343	579	50	629	359
"ID"	2012	"Nez Perce"	"Lewiston 8"	1	199	381	588	259	315	591	1024	46	1070	606
"ID"	2012	"Nez Perce"	"Lewiston 9"	1	195	374	583	248	307	574	1070	87	1157	592
"ID"	2012	"Nez Perce"	"Lewiston 10"	1	108	210	327	133	172	324	538	81	619	337
"ID"	2012	"Nez Perce"	"Lewiston 11"	1	164	254	425	177	210	412	1002	60	1062	436
"ID"	2012	"Nez Perce"	"Lewiston 12"	1	87	162	256	111	130	260	404	51	455	268
"ID"	2012	"Nez Perce"	"Lewiston 13"	1	133	247	388	158	213	384	667	94	761	397
"ID"	2012	"Nez Perce"	"Lewiston 14"	1	125	267	407	150	237	404	710	67	777	420
"ID"	2012	"Nez Perce"	"Lewiston 15"	1	116	205	332	132	170	321	613	62	675	343
"ID"	2012	"Nez Perce"	"Lewiston 16"	1	113	270	396	163	214	393	690	99	789	405
"ID"	2012	"Nez Perce"	"Lewiston 17"	1	170	354	546	226	298	547	896	53	949	564
"ID"	2012	"Nez Perce"	"Lewiston 18"	1	128	233	375	150	197	368	620	80	700	386
"ID"	2012	"Nez Perce"	"Lewiston 19"	1	187	354	557	229	290	548	863	70	933	568
"ID"	2012	"Nez Perce"	"Lewiston 20"	1	184	351	547	229	299	546	891	80	971	567
"ID"	2012	"Nez Perce"	"Lewiston 21"	1	196	442	656	281	336	639	1026	90	1116	675
"ID"	2012	"Nez Perce"	"Lewiston 22"	1	209	359	584	233	303	568	981	81	1062	597
"ID"	2012	"Nez Perce"	"Rimrock 23"	1	15	69	84	21	60	84	96	11	107	87
"ID"	2012	"Nez Perce"	"Foothills 24"	1	102	283	392	125	250	385	723	62	785	399
"ID"	2012	"Nez Perce"	"Tammany 25"	1	78	307	392	115	254	381	660	38	698	397
"ID"	2012	"Nez Perce"	"Lapwai 26"	1	501	144	655	496	144	662	1062	128	1190	673
"ID"	2012	"Nez Perce"	"Leland 27"	1	31	125	161	48	113	167	236	10	246	168
"ID"	2012	"Nez Perce"	"Lenore 28"	1	56	157	220	69	131	215	373	26	399	225
"ID"	2012	"Nez Perce"	"Peck 29"	1	71	98	176	69	102	173	242	18	260	178
"ID"	2012	"Nez Perce"	"Gifford 30"	1	29	98	130	36	86	128	166	16	182	134
"ID"	2012	"Nez Perce"	"Culdesac 31"	1	106	143	259	109	129	254	450	28	478	269
"ID"	2012	"Nez Perce"	"Webb 32"	1	50	88	141	60	70	135	204	19	223	142
"ID"	2012	"Nez Perce"	"Absentee"	1	1828	2397	4305	2069	2065	4243				4391
"ID"	2012	"Oneida"	"Malad 1"	2	61	546	620	90	506	596	721	94	815	631
"ID"	2012	"Oneida"	"Malad 2"	2	56	401	463	76	365	441	583	62	645	476
"ID"	2012	"Oneida"	"Malad 3"	2	68	433	511	84	420	504	598	54	652	526
"ID"	2012	"Oneida"	"Malad 4"	2	26	339	367	49	307	356	413	29	442	372
"ID"	2012	"Oneida"	"Curlew 5"	2	3	66	72	6	67	73	110	5	115	104
"ID"	2012	"Oneida"	"Holbrook 6"	2	3	53	56	4	55	59	74	3	77	73
"ID"	2012	"Owyhee"	"01 N. Homedale"	1	151	330	494	121	285	442	762	105	867	514
"ID"	2012	"Owyhee"	"02 S. Homedale"	1	144	483	647	122	431	591	923	130	1053	674
"ID"	2012	"Owyhee"	"03 N. Marsing"	1	102	303	421	86	260	368	630	89	719	444
"ID"	2012	"Owyhee"	"04 S. Marsing"	1	108	341	460	95	291	411	687	91	778	476
"ID"	2012	"Owyhee"	"05 Pleasant Valley"	1	0	56	56	0	53	53	71	0	71	57
"ID"	2012	"Owyhee"	"06 Wilson"	1	51	248	304	39	234	281	462	45	507	234
"ID"	2012	"Owyhee"	"07 Murphy"	1	20	147	171	17	130	154	243	14	257	173
"ID"	2012	"Owyhee"	"08 Oreana"	1	13	76	92	9	74	85	142	4	146	95
"ID"	2012	"Owyhee"	"09 Grand View"	1	58	251	323	46	236	300	481	34	515	342
"ID"	2012	"Owyhee"	"10 Bruneau"	1	54	152	210	49	139	197	331	17	348	222
"ID"	2012	"Owyhee"	"11 Riddle"	1	46	20	67	42	19	62	89	0	89	68
"ID"	2012	"Owyhee"	"12 Three Creek"	1	6	15	22	3	14	21	32	0	32	24
"ID"	2012	"Owyhee"	"Absentee"	1	80	372	457	82	345	449				453
"ID"	2012	"Payette"	"1"	1	192	331	554	155	299	515	900	192	1092	559
"ID"	2012	"Payette"	"2"	1	261	735	1029	275	670	1015	1883	230	2113	1044
"ID"	2012	"Payette"	"3"	1	178	308	499	151	290	487	864	154	1018	509
"ID"	2012	"Payette"	"4"	1	86	214	312	76	201	301	523	103	626	315
"ID"	2012	"Payette"	"5"	1	282	724	1033	258	689	1019	1525	287	1812	1077
"ID"	2012	"Payette"	"6"	1	192	526	732	193	470	719	1247	188	1435	751
"ID"	2012	"Payette"	"7"	1	42	155	199	38	145	197	195	43	238	187
"ID"	2012	"Payette"	"8"	1	239	711	981	224	655	963	1567	234	1801	996
"ID"	2012	"Payette"	"9"	1	163	601	779	157	574	774	1123	158	1281	797
"ID"	2012	"Payette"	"10"	1	24	108	140	31	101	137	224	38	262	139
"ID"	2012	"Payette"	"11 - Absentee"	1	612	1591	2237	592	1493	2195				2264
"ID"	2012	"Power"	"1"	2	197	300	507	174	322	496	677	89	766	514
"ID"	2012	"Power"	"2"	2	251	369	630	219	397	616	849	98	947	633
"ID"	2012	"Power"	"3"	2	244	455	714	230	466	696	955	136	1091	718
"ID"	2012	"Power"	"4"	2	27	216	249	59	187	246	325	30	355	254
"ID"	2012	"Power"	"5"	2	3	74	79	2	78	80	126	4	130	81
"ID"	2012	"Power"	"6"	2	105	179	288	115	173	288	355	51	406	296
"ID"	2012	"Power"	"Absentee"	2	155	277	436	147	295	442				458
"ID"	2012	"Shoshone"	"01-Murray"	1	43	53	97	34	60	100	162	5	167	102
"ID"	2012	"Shoshone"	"02-Mullan"	1	169	128	311	170	108	308	474	26	500	339
"ID"	2012	"Shoshone"	"03-Wallace"	1	240	206	461	222	189	453	718	67	785	477
"ID"	2012	"Shoshone"	"04-Silverton"	1	109	122	236	93	111	223	337	34	371	250
"ID"	2012	"Shoshone"	"05-Osburn"	1	317	360	708	289	341	690	1001	79	1080	747
"ID"	2012	"Shoshone"	"06-Kellogg"	1	377	450	865	390	387	829	1407	163	1570	917
"ID"	2012	"Shoshone"	"07-Wardner"	1	34	28	66	42	24	68	89	6	95	71
"ID"	2012	"Shoshone"	"08-Smelterville"	1	113	121	239	93	130	250	360	58	418	259
"ID"	2012	"Shoshone"	"09-Pinehurst"	1	288	448	752	279	384	721	1137	139	1276	792
"ID"	2012	"Shoshone"	"10-Kingston"	1	208	315	543	214	256	529	792	63	855	562
"ID"	2012	"Shoshone"	"11-Calder"	1	19	67	88	20	65	90	98	4	102	94
"ID"	2012	"Shoshone"	"12-Clarkia"	1	14	20	36	13	19	35	48	3	51	36
"ID"	2012	"Shoshone"	"13-Avery"	1	13	20	35	12	20	34	41	2	43	35
"ID"	2012	"Shoshone"	"Absentee"	1	333	361	711	306	347	696				747
"ID"	2012	"Teton"	"1"	2	134	284	436	146	283	429	922	130	1052	449
"ID"	2012	"Teton"	"2"	2	104	174	286	107	174	281	766	91	857	290
"ID"	2012	"Teton"	"3"	2	80	92	173	81	89	170	527	62	589	173
"ID"	2012	"Teton"	"4"	2	147	171	332	150	182	332	786	188	974	338
"ID"	2012	"Teton"	"5"	2	114	145	270	128	132	260	745	107	852	274
"ID"	2012	"Teton"	"6"	2	172	206	398	175	212	387	886	116	1002	403
"ID"	2012	"Teton"	"7"	2	189	182	384	183	191	374	930	101	1031	390
"ID"	2012	"Teton"	"Absentee"	2	986	1204	2244	989	1210	2199				2274
"ID"	2012	"Twin Falls"	"Buhl 1"	2	110	327	448	126	323	449	652	88	740	458
"ID"	2012	"Twin Falls"	"Buhl 2"	2	131	461	613	148	453	601	797	123	920	625
"ID"	2012	"Twin Falls"	"Buhl 3"	2	145	295	461	149	308	457	622	108	730	477
"ID"	2012	"Twin Falls"	"Buhl 4"	2	126	257	397	133	270	404	608	102	710	418
"ID"	2012	"Twin Falls"	"Buhl 5"	2	150	295	465	151	307	458	633	109	742	480
"ID"	2012	"Twin Falls"	"Castleford"	2	76	314	403	90	301	392	575	78	653	410
"ID"	2012	"Twin Falls"	"Deep Creek"	2	90	235	334	81	249	330	433	60	493	342
"ID"	2012	"Twin Falls"	"Filer 1"	2	122	425	568	136	436	572	864	140	1004	586
"ID"	2012	"Twin Falls"	"Filer 2"	2	106	356	481	117	356	473	713	124	837	493
"ID"	2012	"Twin Falls"	"Filer 3"	2	113	437	570	118	428	546	814	134	948	577
"ID"	2012	"Twin Falls"	"Hansen"	2	126	448	603	140	446	586	886	129	1015	621
"ID"	2012	"Twin Falls"	"Hollister"	2	60	312	382	81	304	385	584	60	644	392
"ID"	2012	"Twin Falls"	"Kimberly 1"	2	109	401	528	119	412	531	718	153	871	546
"ID"	2012	"Twin Falls"	"Kimberly 2"	2	91	463	559	103	444	547	809	106	915	570
"ID"	2012	"Twin Falls"	"Kimberly 3"	2	77	460	545	93	451	544	821	130	951	558
"ID"	2012	"Twin Falls"	"Kimberly 4"	2	101	394	506	112	395	507	777	100	877	523
"ID"	2012	"Twin Falls"	"Maroa"	2	38	193	234	41	193	234	324	48	372	239
"ID"	2012	"Twin Falls"	"Murtaugh"	2	36	202	244	50	193	243	342	35	377	252
"ID"	2012	"Twin Falls"	"Twin Falls 1"	2	211	312	557	215	342	557	904	241	1145	580
"ID"	2012	"Twin Falls"	"Twin Falls 2"	2	190	272	491	203	280	483	853	213	1066	497
"ID"	2012	"Twin Falls"	"Twin Falls 3"	2	259	307	596	246	342	588	873	194	1067	619
"ID"	2012	"Twin Falls"	"Twin Falls 4"	2	188	373	590	183	399	582	895	222	1117	602
"ID"	2012	"Twin Falls"	"Twin Falls 5"	2	144	343	504	156	347	503	838	144	982	524
"ID"	2012	"Twin Falls"	"Twin Falls 6"	2	90	322	420	90	325	415	779	110	889	431
"ID"	2012	"Twin Falls"	"Twin Falls 7"	2	152	276	451	145	303	448	853	156	1009	461
"ID"	2012	"Twin Falls"	"Twin Falls 8"	2	107	337	466	126	341	467	744	190	934	485
"ID"	2012	"Twin Falls"	"Twin Falls 9"	2	216	400	644	235	410	645	1087	213	1300	662
"ID"	2012	"Twin Falls"	"Twin Falls 10"	2	114	261	396	133	262	395	713	151	864	407
"ID"	2012	"Twin Falls"	"Twin Falls 11"	2	164	357	535	174	347	521	851	200	1051	547
"ID"	2012	"Twin Falls"	"Twin Falls 12"	2	130	336	481	129	327	456	880	169	1049	488
"ID"	2012	"Twin Falls"	"Twin Falls 13"	2	169	428	616	173	429	602	859	257	1116	627
"ID"	2012	"Twin Falls"	"Twin Falls 14"	2	175	371	566	171	387	558	878	233	1111	580
"ID"	2012	"Twin Falls"	"Twin Falls 15"	2	88	219	321	98	221	319	569	109	678	332
"ID"	2012	"Twin Falls"	"Twin Falls 16"	2	160	261	437	172	265	437	713	168	881	447
"ID"	2012	"Twin Falls"	"Twin Falls 17"	2	125	261	404	140	254	394	828	200	1028	410
"ID"	2012	"Twin Falls"	"Twin Falls 18"	2	169	381	569	169	394	563	827	229	1056	582
"ID"	2012	"Twin Falls"	"Twin Falls 19"	2	114	352	480	122	336	458	720	164	884	484
"ID"	2012	"Twin Falls"	"Twin Falls 20"	2	153	468	637	164	437	603	924	300	1224	643
"ID"	2012	"Twin Falls"	"Twin Falls 21"	2	124	227	357	113	233	346	728	165	893	366
"ID"	2012	"Twin Falls"	"Twin Falls 22"	2	96	240	348	103	231	334	791	125	916	353
"ID"	2012	"Twin Falls"	"Twin Falls 23"	2	84	362	452	94	343	437	829	105	934	458
"ID"	2012	"Twin Falls"	"Twin Falls 24"	2	101	329	438	97	340	437	798	90	888	445
"ID"	2012	"Twin Falls"	"Twin Falls 25"	2	89	323	424	88	330	418	765	87	852	425
"ID"	2012	"Twin Falls"	"Twin Falls 26"	2	130	358	499	134	365	499	885	124	1009	510
"ID"	2012	"Twin Falls"	"Absentee 23"	2	90	307	400	95	302	397				408
"ID"	2012	"Twin Falls"	"Absentee 24"	2	1450	3241	4773	1445	3232	4677				4856
"ID"	2012	"Twin Falls"	"Absentee 25"	2	452	1474	1949	463	1454	1917				1970
"ID"	2012	"Valley"	"Alpha"	1	49	138	199	41	146	196	397	5	402	203
"ID"	2012	"Valley"	"Cascade"	1	114	174	300	97	172	291	624	21	645	310
"ID"	2012	"Valley"	"Donnelly"	1	28	20	51	19	19	47	81	2	83	51
"ID"	2012	"Valley"	"McCall"	1	545	398	982	478	420	947	1737	97	1834	995
"ID"	2012	"Valley"	"Payette"	1	216	235	468	200	228	450	890	31	921	471
"ID"	2012	"Valley"	"Roseberry"	1	362	536	933	351	515	908	1760	77	1837	947
"ID"	2012	"Valley"	"West Mountain"	1	86	208	304	71	202	297	612	22	634	314
"ID"	2012	"Valley"	"Yellow Pine"	1	10	33	47	9	33	45	60	1	61	48
"ID"	2012	"Valley"	"Absentee"	1	685	922	1635	632	915	1598				1671
"ID"	2012	"Washington"	"01 Eaton Hale"	1	94	373	475	98	302	419	554	58	612	485
"ID"	2012	"Washington"	"02 West Weiser"	1	112	248	368	113	202	330	443	70	513	381
"ID"	2012	"Washington"	"03 South Weiser"	1	100	171	278	86	139	245	340	75	415	293
"ID"	2012	"Washington"	"04 Weiser"	1	158	288	457	144	259	424	544	70	614	466
"ID"	2012	"Washington"	"05 Middle Weiser"	1	114	200	320	110	175	301	411	58	469	342
"ID"	2012	"Washington"	"06 East Weiser"	1	74	227	314	61	208	285	362	37	399	323
"ID"	2012	"Washington"	"07 Midvale"	1	50	369	421	64	318	398	477	29	506	431
"ID"	2012	"Washington"	"08 Cambridge"	1	109	384	511	111	330	460	552	82	634	521
"ID"	2012	"Washington"	"09 Pioneer"	1	156	254	421	133	215	383	533	70	603	435
"ID"	2012	"Washington"	"10 Sunnyside"	1	75	347	427	83	290	385	473	48	521	429
"ID"	2012	"Washington"	"11 Mineral"	1	62	267	338	59	238	311	382	39	421	345
