state	year	county	county_code	town	g2012_USH_dv	g2012_USH_rv	g2012_USH_tv	cd	g2012_USP_dv	g2012_USP_rv	g2012_USP_tv	g2012_USS_dv	g2012_USS_rv	g2012_USS_tv	ld	g2012_STH_tv	g2012_STH_dv	g2012_STH_rv	ld2	g2012_STH_tv2	g2012_STH_dv2	g2012_STH_rv2	ld3	g2012_STH_tv3	g2012_STH_dv3	g2012_STH_rv3	ld4	g2012_STH_tv4	g2012_STH_dv4	g2012_STH_rv4	ld5	g2012_STH_tv5	g2012_STH_dv5	g2012_STH_rv5	ld6	g2012_STH_tv6	g2012_STH_dv6	g2012_STH_rv6	ld7	g2012_STH_tv7	g2012_STH_dv7	g2012_STH_rv7	ld8	g2012_STH_tv8	g2012_STH_dv8	g2012_STH_rv8
"ME"	2012	"Androscoggin"	"AND"	"AUBURN"	7004	4049	11053	2	6503	4462	11332.0	1407	3177	11207.0	68	4681	2013	2668	70	3356	1671	1685	69	2869	1805	1064																				
"ME"	2012	"Androscoggin"	"AND"	"DURHAM"	1265	1000	2265	2	1137	1080	2308.0	149	766	2283.0	105	2217	862	1355																												
"ME"	2012	"Androscoggin"	"AND"	"GREENE"	1284	1017	2301	2	1113	1143	2324.0	252	768	2319.0	75	2240	827	1413																												
"ME"	2012	"Androscoggin"	"AND"	"LEEDS"	643	486	1129	2	609	522	1170.0	135	380	1153.0	81	1146	494	652																												
"ME"	2012	"Androscoggin"	"AND"	"LEWISTON"	10562	4877	15439	2	9624	5796	15880.0	2676	4017	15499.0	71	4449	790	0	74	4023	2582	1441	73	3447	2225	1222	72	2442	1524	918	70	1158	586	572												
"ME"	2012	"Androscoggin"	"AND"	"LISBON"	2674	1965	4639	2	2381	2228	4783.0	494	1545	4719.0	104	4644	893	3751	105	168	90	78																								
"ME"	2012	"Androscoggin"	"AND"	"LIVERMORE"	728	468	1196	2	661	518	1213.0	163	368	1198.0	81	1203	571	632																												
"ME"	2012	"Androscoggin"	"AND"	"LIVERMORE FALLS"	894	431	1325	2	845	467	1357.0	240	329	1332.0	81	1344	606	738																												
"ME"	2012	"Androscoggin"	"AND"	"MECHANIC FALLS"	833	610	1443	2	753	678	1482.0	180	484	1463.0	100	1408	691	717																												
"ME"	2012	"Androscoggin"	"AND"	"MINOT"	787	684	1471	2	704	771	1514.0	123	528	1502.0	96	1483	745	738																												
"ME"	2012	"Androscoggin"	"AND"	"POLAND"	1706	1248	2954	2	1585	1369	3041.0	326	1002	3009.0	103	1919	917	1002	101	924	468	456																								
"ME"	2012	"Androscoggin"	"AND"	"SABATTUS"	1421	1013	2434	2	1294	1160	2521.0	326	800	2490.0	75	2423	1005	1418																												
"ME"	2012	"Androscoggin"	"AND"	"TURNER"	1589	1405	2994	2	1429	1585	3100.0	287	1179	3047.0	96	3075	1453	1622																												
"ME"	2012	"Androscoggin"	"AND"	"WALES"	416	389	805	2	351	453	837.0	66	298	810.0	80	798	354	444																												
"ME"	2012	"Aroostook"	"ARO"	"ALLAGASH"	86	39	125	2	79	59	140.0	27	43	124.0	1	132	65	67																												
"ME"	2012	"Aroostook"	"ARO"	"AMITY"	49	46	95	2	35	56	97.0	10	53	96.0	8	94	31	63																												
"ME"	2012	"Aroostook"	"ARO"	"ASHLAND"	363	175	538	2	327	232	565.0	80	173	538.0	1	544	312	232																												
"ME"	2012	"Aroostook"	"ARO"	"BANCROFT"	11	19	30	2	11	20	31.0	2	14	30.0	9	30	13	17																												
"ME"	2012	"Aroostook"	"ARO"	"BLAINE"	142	205	347	2	99	258	365.0	35	183	340.0	6	349	122	227																												
"ME"	2012	"Aroostook"	"ARO"	"BRIDGEWATER"	146	132	278	2	111	175	290.0	32	116	280.0	6	278	111	167																												
"ME"	2012	"Aroostook"	"ARO"	"CARIBOU"	2146	1459	3605	2	1910	1665	3669.0	568	1331	3622.0	4	3652	973	1362																												
"ME"	2012	"Aroostook"	"ARO"	"CARY PLT"	46	57	103	2	39	68	109.0	7	57	102.0	8	106	23	83																												
"ME"	2012	"Aroostook"	"ARO"	"CASTLE HILL"	93	100	193	2	76	118	197.0	23	90	194.0	7	190	83	107																												
"ME"	2012	"Aroostook"	"ARO"	"CASWELL"	104	35	139	2	90	45	138.0	31	39	133.0	3	139	30	109																												
"ME"	2012	"Aroostook"	"ARO"	"CHAPMAN"	143	101	244	2	119	96	246.0	28	92	242.0	7	241	122	119																												
"ME"	2012	"Aroostook"	"ARO"	"CONNOR TWP"	117	65	182	2	111	70	186.0	30	54	183.0	3	184	80	104																												
"ME"	2012	"Aroostook"	"ARO"	"CRYSTAL"	63	74	137	2	51	86	142.0	6	65	141.0	9	138	49	89																												
"ME"	2012	"Aroostook"	"ARO"	"CYR PLT"	23	19	42	2	23	20	43.0	9	17	43.0	3	44	16	28																												
"ME"	2012	"Aroostook"	"ARO"	"DYER BROOK"	69	63	132	2	43	78	131.0	16	60	127.0	9	132	59	73																												
"ME"	2012	"Aroostook"	"ARO"	"E TWP"	12	20	32	2	9	25	34.0	3	14	32.0	7	33	17	16																												
"ME"	2012	"Aroostook"	"ARO"	"EAGLE LAKE"	293	127	420	2	253	152	416.0	88	93	404.0	1	421	173	248																												
"ME"	2012	"Aroostook"	"ARO"	"EASTON"	350	285	635	2	312	322	654.0	89	237	644.0	6	649	247	402																												
"ME"	2012	"Aroostook"	"ARO"	"FORT FAIRFIELD"	975	598	1573	2	821	698	1580.0	242	506	1576.0	6	1565	629	936																												
"ME"	2012	"Aroostook"	"ARO"	"FORT KENT"	1503	487	1990	2	1376	625	2053.0	384	461	1992.0	1	2027	893	1134																												
"ME"	2012	"Aroostook"	"ARO"	"FORT KENT TWPS "	2	0	2	2	1	1	2.0	1	1	2.0	1	2	1	1																												
"ME"	2012	"Aroostook"	"ARO"	"FRENCHVILLE"	442	137	579	2	406	164	585.0	119	138	573.0	2	586	295	291																												
"ME"	2012	"Aroostook"	"ARO"	"GARFIELD PLT"	27	22	49	2	24	27	51.0	6	18	48.0	1	49	18	31																												
"ME"	2012	"Aroostook"	"ARO"	"GLENWOOD PLT"	3	3	6	2	2	4	6.0	3	3	6.0	9	6	3	3																												
"ME"	2012	"Aroostook"	"ARO"	"GRAND ISLE"	185	44	229	2	174	52	233.0	87	40	229.0	3	220	123	97																												
"ME"	2012	"Aroostook"	"ARO"	"HAMLIN"	64	29	93	2	62	33	97.0	24	32	92.0	3	95	23	72																												
"ME"	2012	"Aroostook"	"ARO"	"HAMMOND"	24	24	48	2	24	25	49.0	5	17	44.0	7	46	23	23																												
"ME"	2012	"Aroostook"	"ARO"	"HAYNESVILLE"	31	27	58	2	22	35	58.0	6	29	56.0	9	57	29	28																												
"ME"	2012	"Aroostook"	"ARO"	"HERSEY"	14	18	32	2	9	23	32.0	1	17	32.0	9	34	6	28																												
"ME"	2012	"Aroostook"	"ARO"	"HODGDON"	265	276	541	2	181	377	567.0	47	279	543.0	8	548	129	419																												
"ME"	2012	"Aroostook"	"ARO"	"HOULTON"	1420	1024	2444	2	1133	1307	2511.0	294	962	2450.0	8	2465	777	1688																												
"ME"	2012	"Aroostook"	"ARO"	"ISLAND FALLS"	246	170	416	2	189	221	421.0	62	171	411.0	9	420	224	196																												
"ME"	2012	"Aroostook"	"ARO"	"LIMESTONE"	574	268	842	2	511	324	863.0	162	280	852.0	3	848	279	569																												
"ME"	2012	"Aroostook"	"ARO"	"LINNEUS"	204	215	419	2	151	282	442.0	44	216	426.0	9	419	191	228																												
"ME"	2012	"Aroostook"	"ARO"	"LITTLETON"	239	213	452	2	171	274	462.0	46	217	453.0	7	435	187	248																												
"ME"	2012	"Aroostook"	"ARO"	"LUDLOW"	118	103	221	2	100	126	229.0	35	93	223.0	9	216	90	126																												
"ME"	2012	"Aroostook"	"ARO"	"MACWAHOC PLT"	28	15	43	2	18	27	46.0	6	12	43.0	9	43	26	17																												
"ME"	2012	"Aroostook"	"ARO"	"MADAWASKA"	1667	377	2044	2	1540	511	2092.0	628	370	2026.0	2	2065	1431	634																												
"ME"	2012	"Aroostook"	"ARO"	"MADAWASKA LAKE TWP"	58	53	111	2	46	63	113.0	8	52	110.0	2	106	48	58																												
"ME"	2012	"Aroostook"	"ARO"	"MAPLETON"	556	490	1046	2	521	531	1069.0	82	442	1040.0	7	1052	455	597																												
"ME"	2012	"Aroostook"	"ARO"	"MARS HILL"	350	388	738	2	276	475	766.0	77	351	731.0	6	741	297	444																												
"ME"	2012	"Aroostook"	"ARO"	"MASARDIS"	85	40	125	2	80	60	145.0	13	24	122.0	7	126	89	37																												
"ME"	2012	"Aroostook"	"ARO"	"MERRILL"	69	52	121	2	62	64	128.0	20	42	120.0	9	119	49	70																												
"ME"	2012	"Aroostook"	"ARO"	"MONTICELLO"	210	166	376	2	158	218	382.0	58	184	376.0	7	360	188	172																												
"ME"	2012	"Aroostook"	"ARO"	"MORO PLT"	12	12	24	2	1	21	24.0	0	21	23.0	9	23	1	22																												
"ME"	2012	"Aroostook"	"ARO"	"MORO PLT TWPS "	1	1	2	2	0	2	2.0	2	0	2.0	7	2	0	2																												
"ME"	2012	"Aroostook"	"ARO"	"NASHVILLE PLT"	12	6	18	2	12	6	18.0	5	7	18.0	1	18	9	9																												
"ME"	2012	"Aroostook"	"ARO"	"NEW CANADA"	164	89	253	2	148	101	258.0	45	75	251.0	2	250	122	128																												
"ME"	2012	"Aroostook"	"ARO"	"NEW LIMERICK"	165	145	310	2	134	178	319.0	40	121	314.0	9	304	109	195																												
"ME"	2012	"Aroostook"	"ARO"	"NEW SWEDEN"	195	145	340	2	182	158	353.0	42	120	337.0	3	344	148	196																												
"ME"	2012	"Aroostook"	"ARO"	"OAKFIELD"	199	159	358	2	145	202	360.0	34	128	355.0	9	353	161	192																												
"ME"	2012	"Aroostook"	"ARO"	"ORIENT"	47	38	85	2	48	42	94.0	15	24	85.0	8	83	31	52																												
"ME"	2012	"Aroostook"	"ARO"	"OXBOW PLT"	16	27	43	2	11	34	45.0	5	24	45.0	7	42	17	25																												
"ME"	2012	"Aroostook"	"ARO"	"PERHAM"	81	108	189	2	88	114	204.0	29	84	192.0	2	179	69	110																												
"ME"	2012	"Aroostook"	"ARO"	"PORTAGE LAKE"	148	92	240	2	125	109	241.0	36	85	233.0	2	228	128	100																												
"ME"	2012	"Aroostook"	"ARO"	"PRESQUE ISLE"	2482	1698	4180	2	2231	1885	4231.0	584	1467	4181.0	5	3746	1928	1818	7	421	229	192																								
"ME"	2012	"Aroostook"	"ARO"	"REED PLT"	35	42	77	2	25	55	81.0	13	41	76.0	9	74	31	43																												
"ME"	2012	"Aroostook"	"ARO"	"SAINT AGATHA"	438	115	553	2	399	161	569.0	113	103	545.0	2	558	302	256																												
"ME"	2012	"Aroostook"	"ARO"	"SAINT FRANCIS"	170	64	234	2	172	76	250.0	65	51	235.0	1	251	143	108																												
"ME"	2012	"Aroostook"	"ARO"	"SAINT JOHN PLT"	93	42	135	2	80	56	143.0	33	38	141.0	1	138	63	75																												
"ME"	2012	"Aroostook"	"ARO"	"SHERMAN"	279	301	580	2	218	365	604.0	56	269	570.0	9	583	175	408																												
"ME"	2012	"Aroostook"	"ARO"	"SMYRNA"	75	50	125	2	55	67	127.0	20	52	123.0	9	125	54	71																												
"ME"	2012	"Aroostook"	"ARO"	"STOCKHOLM"	92	53	145	2	91	53	147.0	26	50	144.0	2	135	70	65																												
"ME"	2012	"Aroostook"	"ARO"	"T11 R4 WELS "	13	7	20	2	0	10	20.0	1	9	20.0	7	19	8	11																												
"ME"	2012	"Aroostook"	"ARO"	"T12 R13 "	2	2	4	2	2	2	4.0	0	1	4.0	1	4	2	2																												
"ME"	2012	"Aroostook"	"ARO"	"T15 R6 WELS "	4	2	6	2	2	3	5.0	0	2	6.0	2	6	3	3																												
"ME"	2012	"Aroostook"	"ARO"	"T15 R9 TWP "	1	0	1	2	1	0	1.0	0	0	1.0	1	1	0	1																												
"ME"	2012	"Aroostook"	"ARO"	"TD R2 WELS "	3	0	3	2	3	0	3.0	3	0	3.0	7	3	3	0																												
"ME"	2012	"Aroostook"	"ARO"	"VAN BUREN"	701	162	863	2	684	210	914.0	254	162	877.0	3	878	333	545																												
"ME"	2012	"Aroostook"	"ARO"	"VAN BUREN TWPS "	11	6	17	2	13	4	17.0	1	3	16.0	2	17	11	6																												
"ME"	2012	"Aroostook"	"ARO"	"WADE"	64	63	127	2	50	74	129.0	17	61	131.0	7	129	54	75																												
"ME"	2012	"Aroostook"	"ARO"	"WALLAGRASS"	221	50	271	2	204	77	284.0	44	56	273.0	1	282	134	148																												
"ME"	2012	"Aroostook"	"ARO"	"WASHBURN"	387	345	732	2	346	418	778.0	92	299	743.0	7	720	347	373																												
"ME"	2012	"Aroostook"	"ARO"	"WESTFIELD"	135	125	260	2	117	146	269.0	29	114	267.0	6	263	142	121																												
"ME"	2012	"Aroostook"	"ARO"	"WESTMANLAND"	23	19	42	2	21	21	43.0	6	12	38.0	2	37	16	21																												
"ME"	2012	"Aroostook"	"ARO"	"WESTON"	56	76	132	2	50	81	135.0	16	78	132.0	9	129	44	85																												
"ME"	2012	"Aroostook"	"ARO"	"WINTERVILLE PLT"	93	30	123	2	78	47	132.0	21	31	126.0	1	124	44	80																												
"ME"	2012	"Aroostook"	"ARO"	"WOODLAND"	332	268	600	2	285	326	621.0	72	271	598.0	3	599	295	304																												
"ME"	2012	"Cumberland"	"CUM"	"BALDWIN"	406	358	764	1	354	413	800.0	67	287	800.0	99	734	291	366																												
"ME"	2012	"Cumberland"	"CUM"	"BRIDGTON"	1607	1106	2713	1	1501	1199	2784.0	331	887	2759.0	98	2720	1406	1314																												
"ME"	2012	"Cumberland"	"CUM"	"BRUNSWICK"	8252	3201	11453	1	7900	3670	11899.0	1103	2399	11727.0	63	4665	3203	1462	66	4646	2121	1012	65	1888	1149	739																				
"ME"	2012	"Cumberland"	"CUM"	"CAPE ELIZABETH"	4228	1995	6223	1	4018	2261	6370.0	1006	1539	6314.0	121	5352	3022	2330	123	812	285	183																								
"ME"	2012	"Cumberland"	"CUM"	"CASCO"	1097	798	1895	1	993	899	1946.0	199	655	1933.0	101	1872	844	1028																												
"ME"	2012	"Cumberland"	"CUM"	"CHEBEAGUE ISLAND"	234	59	293	1	216	71	296.0	41	60	292.0	108	291	248	43																												
"ME"	2012	"Cumberland"	"CUM"	"CUMBERLAND"	2796	1990	4786	1	2619	2221	4917.0	321	1602	4881.0	108	4719	3085	1634																												
"ME"	2012	"Cumberland"	"CUM"	"FALMOUTH"	4413	2970	7383	1	4150	3319	7590.0	624	2314	7510.0	112	5854	3232	2622	113	1450	883	567																								
"ME"	2012	"Cumberland"	"CUM"	"FREEPORT"	3398	1604	5002	1	3266	1726	5099.0	504	1223	5061.0	106	4928	3260	1668																												
"ME"	2012	"Cumberland"	"CUM"	"FRYE ISLAND"	30	25	55	1	17	38	56.0	8	25	55.0	103	49	14	35																												
"ME"	2012	"Cumberland"	"CUM"	"GORHAM"	5409	3314	8723	1	5123	3742	9073.0	972	2771	8887.0	129	5713	3541	2172	130	3029	1809	1220																								
"ME"	2012	"Cumberland"	"CUM"	"GRAY"	2499	1903	4402	1	2260	2144	4530.0	415	1549	4465.0	109	3274	1396	1878	110	1116	515	601																								
"ME"	2012	"Cumberland"	"CUM"	"HARPSWELL"	2080	1208	3288	1	1940	1371	3376.0	254	933	3355.0	64	3301	2065	1236																												
"ME"	2012	"Cumberland"	"CUM"	"HARRISON"	789	590	1379	1	737	627	1422.0	147	473	1412.0	98	1372	826	546																												
"ME"	2012	"Cumberland"	"CUM"	"LONG ISLAND"	146	52	198	1	132	60	200.0	24	42	203.0	108	182	126	56																												
"ME"	2012	"Cumberland"	"CUM"	"NAPLES"	1169	879	2048	1	1057	983	2098.0	253	759	2084.0	101	2052	1165	887																												
"ME"	2012	"Cumberland"	"CUM"	"NEW GLOUCESTER"	1724	1409	3133	1	1565	1519	3164.0	277	1148	3159.0	105	3142	1265	1877																												
"ME"	2012	"Cumberland"	"CUM"	"NORTH YARMOUTH"	1505	900	2405	1	1418	1001	2464.0	151	711	2457.0	109	1654	1028	626	108	759	499	260																								
"ME"	2012	"Cumberland"	"CUM"	"PORTLAND"	28419	6703	35122	1	27739	7488	36345.0	7097	5557	35507.0	117	4928	3824	1104	114	4768	3635	1133	118	4570	2659	658	115	4270	2845	0	120	4256	2981	657	116	4048	785	0	113	3727	2612	1115	119	3501	1280	319
"ME"	2012	"Cumberland"	"CUM"	"POWNAL"	594	362	956	1	550	422	997.0	74	314	979.0	109	549	325	224	106	405	241	164																								
"ME"	2012	"Cumberland"	"CUM"	"RAYMOND"	1519	1102	2621	1	1426	1196	2687.0	223	867	2661.0	103	2606	1225	1381																												
"ME"	2012	"Cumberland"	"CUM"	"SCARBOROUGH"	6817	4628	11445	1	6351	5187	11765.0	1214	4321	11630.0	128	5948	2916	3032	127	5411	2691	2720																								
"ME"	2012	"Cumberland"	"CUM"	"SEBAGO"	565	415	980	1	516	472	1018.0	120	352	1006.0	99	934	301	415																												
"ME"	2012	"Cumberland"	"CUM"	"SOUTH PORTLAND"	10341	3639	13980	1	9958	4104	14383.0	2465	3073	14182.0	122	5197	3080	1002	123	4411	2431	1391	124	3964	2094	1870																				
"ME"	2012	"Cumberland"	"CUM"	"STANDISH"	2810	2163	4973	1	2554	2400	5067.0	561	1766	5021.0	102	4410	2298	1541	103	520	232	288																								
"ME"	2012	"Cumberland"	"CUM"	"WESTBROOK"	5893	2637	8530	1	5528	3053	8823.0	1352	2235	8696.0	125	4573	2907	1666	126	3844	2431	1413																								
"ME"	2012	"Cumberland"	"CUM"	"WINDHAM"	5205	3629	8834	1	4704	4107	9041.0	956	3088	8866.0	111	4816	2552	2264	110	3904	1833	2071																								
"ME"	2012	"Cumberland"	"CUM"	"YARMOUTH"	3575	1870	5445	1	3358	2128	5576.0	390	1386	5546.0	107	5357	3217	2140																												
"ME"	2012	"Franklin"	"FRA"	"AVON"	129	96	225	2	127	105	236.0	36	64	230.0	90	229	90	139																												
"ME"	2012	"Franklin"	"FRA"	"CARRABASSETT VALLEY"	280	174	454	2	295	153	465.0	31	110	461.0	88	414	181	233																												
"ME"	2012	"Franklin"	"FRA"	"CARTHAGE"	150	86	236	2	139	96	245.0	32	84	237.0	93	244	95	149																												
"ME"	2012	"Franklin"	"FRA"	"CHESTERVILLE"	391	247	638	2	399	246	662.0	77	193	649.0	87	634	358	276																												
"ME"	2012	"Franklin"	"FRA"	"COPLIN PLT"	47	31	78	2	42	40	83.0	11	26	84.0	88	76	28	48																												
"ME"	2012	"Franklin"	"FRA"	"DALLAS PLT"	136	80	216	2	127	97	227.0	20	61	223.0	91	207	104	103																												
"ME"	2012	"Franklin"	"FRA"	"EUSTIS"	203	153	356	2	189	166	373.0	53	122	363.0	91	342	137	205																												
"ME"	2012	"Franklin"	"FRA"	"EUSTIS FRA TWPS "	2	0	2	2	2	0	2.0	0	0	2.0	88	2	1	1																												
"ME"	2012	"Franklin"	"FRA"	"FARMINGTON"	2490	1268	3758	2	2441	1288	3897.0	526	968	3821.0	89	3764	1648	2116																												
"ME"	2012	"Franklin"	"FRA"	"FREEMAN TWP "	60	69	129	2	68	61	136.0	15	46	130.0	90	118	51	67																												
"ME"	2012	"Franklin"	"FRA"	"INDUSTRY"	271	171	442	2	238	196	451.0	53	149	446.0	89	445	199	246																												
"ME"	2012	"Franklin"	"FRA"	"JAY"	1726	797	2523	2	1615	868	2548.0	422	685	2524.0	87	2534	1626	908																												
"ME"	2012	"Franklin"	"FRA"	"KINGFIELD"	334	267	601	2	331	265	623.0	81	192	610.0	91	560	232	328																												
"ME"	2012	"Franklin"	"FRA"	"LANG TWP "	1	0	1	2	0	1	1.0	0	1	1.0	91	1	0	1																												
"ME"	2012	"Franklin"	"FRA"	"MADRID TWP "	47	43	90	2	52	40	92.0	5	26	89.0	92	81	36	45																												
"ME"	2012	"Franklin"	"FRA"	"NEW SHARON"	472	351	823	2	433	383	846.0	105	299	839.0	87	819	394	425																												
"ME"	2012	"Franklin"	"FRA"	"NEW VINEYARD"	215	171	386	2	191	199	400.0	49	141	391.0	90	382	127	255																												
"ME"	2012	"Franklin"	"FRA"	"PHILLIPS"	285	190	475	2	249	208	488.0	60	150	477.0	90	471	203	268																												
"ME"	2012	"Franklin"	"FRA"	"RANGELEY"	361	296	657	2	334	350	696.0	77	219	678.0	91	633	251	382																												
"ME"	2012	"Franklin"	"FRA"	"RANGELEY OXF TWPS "	5	4	9	2	7	2	9.0	2	2	9.0	91	8	6	2																												
"ME"	2012	"Franklin"	"FRA"	"RANGELEY PLT"	65	74	139	2	64	79	144.0	15	71	143.0	92	134	52	82																												
"ME"	2012	"Franklin"	"FRA"	"SANDY RIVER PLT"	43	43	86	2	52	33	86.0	15	34	86.0	92	81	40	41																												
"ME"	2012	"Franklin"	"FRA"	"STRONG"	345	343	688	2	337	347	702.0	65	254	689.0	90	682	190	492																												
"ME"	2012	"Franklin"	"FRA"	"TEMPLE"	209	99	308	2	216	94	316.0	52	72	311.0	90	308	140	168																												
"ME"	2012	"Franklin"	"FRA"	"WELD"	153	119	272	2	149	118	279.0	25	110	272.0	92	276	78	198																												
"ME"	2012	"Franklin"	"FRA"	"WELD TWPS "	7	3	10	2	5	5	10.0	0	5	10.0	90	10	3	7																												
"ME"	2012	"Franklin"	"FRA"	"WILTON"	1338	892	2230	2	1251	921	2241.0	266	730	2259.0	90	2239	583	1656																												
"ME"	2012	"Franklin"	"FRA"	"WILTON TWPS "	13	6	19	2	14	8	24.0	3	5	21.0	90	18	9	9																												
"ME"	2012	"Hancock"	"HAN"	"AMHERST"	73	72	145	2	69	70	146.0	16	65	147.0	30	142	45	97																												
"ME"	2012	"Hancock"	"HAN"	"AURORA"	23	37	60	2	18	40	62.0	9	32	60.0	30	59	12	47																												
"ME"	2012	"Hancock"	"HAN"	"AURORA TWPS "	2	0	2	2	0	2	2.0	0	2	2.0	11	2	0	2																												
"ME"	2012	"Hancock"	"HAN"	"BAR HARBOR"	2079	845	2924	2	2142	779	3014.0	520	611	2948.0	35	2946	1710	1236																												
"ME"	2012	"Hancock"	"HAN"	"BLUE HILL"	1103	642	1745	2	1125	588	1764.0	253	475	1753.0	37	1726	1037	689																												
"ME"	2012	"Hancock"	"HAN"	"BROOKLIN"	378	195	573	2	368	194	574.0	105	171	565.0	36	555	383	172																												
"ME"	2012	"Hancock"	"HAN"	"BROOKSVILLE"	434	206	640	2	418	210	651.0	108	169	638.0	37	643	410	233																												
"ME"	2012	"Hancock"	"HAN"	"BUCKSPORT"	1390	1000	2390	2	1358	1024	2444.0	273	820	2409.0	40	2400	1367	1033																												
"ME"	2012	"Hancock"	"HAN"	"CASTINE"	354	222	576	2	338	241	591.0	71	157	577.0	37	558	268	290																												
"ME"	2012	"Hancock"	"HAN"	"CRANBERRY ISLES"	110	40	150	2	102	41	151.0	21	37	148.0	35	144	93	51																												
"ME"	2012	"Hancock"	"HAN"	"DEDHAM"	562	456	1018	2	534	482	1039.0	118	394	1031.0	20	980	504	476																												
"ME"	2012	"Hancock"	"HAN"	"DEER ISLE"	691	397	1088	2	726	361	1106.0	161	289	1088.0	36	1092	788	304																												
"ME"	2012	"Hancock"	"HAN"	"EASTBROOK"	86	125	211	2	90	116	214.0	32	84	206.0	30	192	66	126																												
"ME"	2012	"Hancock"	"HAN"	"ELLSWORTH"	1988	1911	3899	2	1952	1846	3948.0	509	1467	3887.0	38	3897	2432	1465																												
"ME"	2012	"Hancock"	"HAN"	"FLETCHERS LANDING TWP (T8 SD) "	17	32	49	2	19	32	51.0	7	24	49.0	34	42	2	40																												
"ME"	2012	"Hancock"	"HAN"	"FRANKLIN"	328	388	716	2	354	360	733.0	81	300	715.0	30	670	286	384																												
"ME"	2012	"Hancock"	"HAN"	"FRANKLIN TWPS "	0	7	7	2	2	5	7.0	0	5	7.0	30	6	0	6																												
"ME"	2012	"Hancock"	"HAN"	"FRENCHBORO"	24	15	39	2	21	15	41.0	7	8	39.0	36	40	15	25																												
"ME"	2012	"Hancock"	"HAN"	"GOULDSBORO"	476	495	971	2	494	460	982.0	118	378	971.0	34	810	130	680																												
"ME"	2012	"Hancock"	"HAN"	"GREAT POND"	16	18	34	2	15	19	35.0	5	18	34.0	30	35	13	22																												
"ME"	2012	"Hancock"	"HAN"	"GREAT POND TWPS "	2	0	2	2	2	0	2.0	1	0	2.0	30	2	2	0																												
"ME"	2012	"Hancock"	"HAN"	"HANCOCK"	590	607	1197	2	596	595	1224.0	140	475	1196.0	34	1054	139	915																												
"ME"	2012	"Hancock"	"HAN"	"LAMOINE"	523	498	1021	2	527	506	1059.0	135	390	1031.0	34	841	133	708																												
"ME"	2012	"Hancock"	"HAN"	"MARIAVILLE"	123	142	265	2	123	142	281.0	29	108	268.0	30	255	87	168																												
"ME"	2012	"Hancock"	"HAN"	"MOUNT DESERT"	885	456	1341	2	911	442	1384.0	183	309	1351.0	35	739	398	341	36	602	354	248																								
"ME"	2012	"Hancock"	"HAN"	"ORLAND"	751	500	1251	2	717	513	1270.0	177	381	1258.0	41	1220	716	504																												
"ME"	2012	"Hancock"	"HAN"	"OSBORN"	13	27	40	2	9	31	40.0	3	26	39.0	30	39	3	36																												
"ME"	2012	"Hancock"	"HAN"	"OTIS"	160	234	394	2	144	259	404.0	34	181	397.0	38	393	210	183																												
"ME"	2012	"Hancock"	"HAN"	"PENOBSCOT"	484	263	747	2	467	280	770.0	130	233	755.0	37	753	334	419																												
"ME"	2012	"Hancock"	"HAN"	"SEDGWICK"	443	247	690	2	447	233	704.0	124	206	690.0	37	683	394	289																												
"ME"	2012	"Hancock"	"HAN"	"SORRENTO"	119	68	187	2	104	77	193.0	20	54	186.0	34	155	27	128																												
"ME"	2012	"Hancock"	"HAN"	"SOUTHWEST HARBOR"	630	388	1018	2	653	380	1057.0	118	293	1028.0	35	1005	571	434																												
"ME"	2012	"Hancock"	"HAN"	"STONINGTON"	399	192	591	2	407	184	609.0	110	137	593.0	36	587	452	135																												
"ME"	2012	"Hancock"	"HAN"	"SULLIVAN"	342	254	596	2	352	227	603.0	95	181	600.0	34	496	94	402																												
"ME"	2012	"Hancock"	"HAN"	"SURRY"	528	419	947	2	538	395	958.0	135	312	944.0	37	907	482	425																												
"ME"	2012	"Hancock"	"HAN"	"SWANS ISLAND"	96	124	220	2	94	124	228.0	28	109	222.0	36	213	70	143																												
"ME"	2012	"Hancock"	"HAN"	"T3 ND "	2	3	5	2	2	4	6.0	1	4	6.0	11	6	0	6																												
"ME"	2012	"Hancock"	"HAN"	"T7 SD "	1	4	5	2	0	4	5.0	0	2	5.0	30	5	1	4																												
"ME"	2012	"Hancock"	"HAN"	"TREMONT"	549	311	860	2	550	306	879.0	114	230	875.0	36	844	416	428																												
"ME"	2012	"Hancock"	"HAN"	"TRENTON"	424	352	776	2	436	340	797.0	97	246	776.0	38	759	456	303																												
"ME"	2012	"Hancock"	"HAN"	"VERONA ISLAND"	185	124	309	2	166	138	313.0	42	103	307.0	41	293	160	133																												
"ME"	2012	"Hancock"	"HAN"	"WALTHAM"	60	111	171	2	67	114	183.0	16	88	172.0	34	150	9	141																												
"ME"	2012	"Hancock"	"HAN"	"WINTER HARBOR"	130	134	264	2	112	145	275.0	31	124	264.0	34	225	32	193																												
"ME"	2012	"Kennebec"	"KEN"	"ALBION"	496	498	994	2	429	561	1025.0	129	407	1006.0	55	995	341	654																												
"ME"	2012	"Kennebec"	"KEN"	"AUGUSTA"	5695	2936	8631	1	5220	3351	8851.0	1233	2357	8768.0	56	3983	1877	2076	57	3633	1755	1878	58	1058	518	540																				
"ME"	2012	"Kennebec"	"KEN"	"BELGRADE"	1031	817	1848	2	952	890	1886.0	178	665	1874.0	83	1842	595	1247																												
"ME"	2012	"Kennebec"	"KEN"	"BENTON"	839	582	1421	2	731	673	1443.0	205	499	1425.0	55	1135	436	699	54	260	134	126																								
"ME"	2012	"Kennebec"	"KEN"	"CHELSEA"	803	510	1313	1	693	604	1350.0	174	456	1327.0	52	1320	552	768																												
"ME"	2012	"Kennebec"	"KEN"	"CHINA"	1229	985	2214	1	1121	1113	2298.0	240	816	2279.0	55	2254	1002	1252																												
"ME"	2012	"Kennebec"	"KEN"	"CLINTON"	915	658	1573	2	817	730	1586.0	257	539	1571.0	29	1536	811	725																												
"ME"	2012	"Kennebec"	"KEN"	"FARMINGDALE"	980	581	1561	1	886	675	1597.0	179	478	1585.0	79	1566	804	762																												
"ME"	2012	"Kennebec"	"KEN"	"FAYETTE"	441	278	719	2	432	294	742.0	89	197	711.0	83	699	373	326																												
"ME"	2012	"Kennebec"	"KEN"	"GARDINER"	1788	1144	2932	2	1702	1158	2984.0	362	875	2977.0	59	2900	1632	1268																												
"ME"	2012	"Kennebec"	"KEN"	"HALLOWELL"	1131	375	1506	1	1090	426	1562.0	162	314	1526.0	79	1518	1097	421																												
"ME"	2012	"Kennebec"	"KEN"	"LITCHFIELD"	1020	813	1833	2	919	888	1885.0	217	609	1848.0	80	1846	922	924																												
"ME"	2012	"Kennebec"	"KEN"	"MANCHESTER"	903	647	1550	1	831	737	1597.0	139	523	1591.0	83	1535	786	749																												
"ME"	2012	"Kennebec"	"KEN"	"MONMOUTH"	1260	997	2257	2	1162	1069	2316.0	232	735	2294.0	80	2257	1171	1086																												
"ME"	2012	"Kennebec"	"KEN"	"MOUNT VERNON"	533	394	927	2	517	398	952.0	103	314	940.0	83	914	422	492																												
"ME"	2012	"Kennebec"	"KEN"	"OAKLAND"	1943	1217	3160	2	1686	1435	3222.0	405	1064	3176.0	78	2512	1013	1499	76	623	260	363																								
"ME"	2012	"Kennebec"	"KEN"	"PITTSTON"	892	646	1538	1	779	752	1590.0	167	562	1575.0	53	1561	1033	528																												
"ME"	2012	"Kennebec"	"KEN"	"RANDOLPH"	551	368	919	2	536	385	950.0	114	286	937.0	59	926	458	468																												
"ME"	2012	"Kennebec"	"KEN"	"READFIELD"	948	549	1497	1	862	631	1532.0	125	447	1523.0	82	1511	927	584																												
"ME"	2012	"Kennebec"	"KEN"	"ROME"	322	245	567	2	314	248	578.0	59	182	576.0	84	557	303	254																												
"ME"	2012	"Kennebec"	"KEN"	"SIDNEY"	1219	1036	2255	2	1120	1134	2316.0	215	836	2276.0	78	2223	829	1394																												
"ME"	2012	"Kennebec"	"KEN"	"VASSALBORO"	1373	917	2290	1	1224	1025	2323.0	273	794	2310.0	58	2319	1416	903																												
"ME"	2012	"Kennebec"	"KEN"	"VIENNA"	214	129	343	2	205	136	354.0	43	97	347.0	83	336	186	150																												
"ME"	2012	"Kennebec"	"KEN"	"WATERVILLE"	4815	1895	6710	1	4693	2107	6998.0	1448	1460	6822.0	77	3706	2500	1206	76	2934	2033	901																								
"ME"	2012	"Kennebec"	"KEN"	"WAYNE"	437	283	720	2	450	273	735.0	67	206	726.0	81	721	361	360																												
"ME"	2012	"Kennebec"	"KEN"	"WEST GARDINER"	1064	925	1989	2	1004	971	2035.0	219	717	2020.0	79	2003	841	1162																												
"ME"	2012	"Kennebec"	"KEN"	"WINDSOR"	689	525	1214	1	610	578	1234.0	154	435	1235.0	58	1207	581	626																												
"ME"	2012	"Kennebec"	"KEN"	"WINSLOW"	2446	1554	4000	1	2206	1781	4090.0	579	1272	4038.0	54	4177	2110	2067																												
"ME"	2012	"Kennebec"	"KEN"	"WINTHROP"	2050	1366	3416	1	1877	1496	3466.0	364	1074	3460.0	82	3461	1988	1473																												
"ME"	2012	"Knox"	"KNO"	"APPLETON"	480	288	768	1	435	329	794.0	83	262	773.0	44	751	378	373																												
"ME"	2012	"Knox"	"KNO"	"CAMDEN"	2340	738	3078	1	2201	914	3176.0	411	616	3137.0	46	3056	2039	1017																												
"ME"	2012	"Knox"	"KNO"	"CRIEHAVEN TWP "	1	0	1	1	1	0	1.0	0	0	0.0	48	1	1	0																												
"ME"	2012	"Knox"	"KNO"	"CUSHING"	501	296	797	1	422	378	817.0	78	280	805.0	49	767	0	317																												
"ME"	2012	"Knox"	"KNO"	"FRIENDSHIP"	390	293	683	1	321	360	705.0	73	280	690.0	49	689	0	213																												
"ME"	2012	"Knox"	"KNO"	"HOPE"	591	327	918	1	545	381	957.0	86	290	936.0	44	890	422	468																												
"ME"	2012	"Knox"	"KNO"	"ISLE AU HAUT"	51	4	55	1	48	5	57.0	15	4	55.0	36	53	45	8																												
"ME"	2012	"Knox"	"KNO"	"MATINICUS ISLE PLT"	38	10	48	1	33	18	51.0	7	13	49.0	48	49	31	18																												
"ME"	2012	"Knox"	"KNO"	"NORTH HAVEN"	232	44	276	1	199	67	275.0	28	52	264.0	36	241	185	56																												
"ME"	2012	"Knox"	"KNO"	"OWLS HEAD"	638	315	953	1	560	403	975.0	100	318	960.0	47	518	346	172	48	387	188	199																								
"ME"	2012	"Knox"	"KNO"	"ROCKLAND"	2400	857	3257	1	2198	1065	3360.0	535	787	3271.0	47	3100	2234	866																												
"ME"	2012	"Knox"	"KNO"	"ROCKPORT"	1416	704	2120	1	1291	825	2149.0	230	598	2136.0	46	2106	1141	965																												
"ME"	2012	"Knox"	"KNO"	"SAINT GEORGE"	1131	406	1537	1	980	518	1561.0	183	404	1538.0	48	1482	924	558																												
"ME"	2012	"Knox"	"KNO"	"SOUTH THOMASTON"	611	255	866	1	507	346	875.0	79	258	864.0	48	839	442	397																												
"ME"	2012	"Knox"	"KNO"	"THOMASTON"	968	431	1399	1	860	522	1412.0	195	378	1406.0	48	1376	780	596																												
"ME"	2012	"Knox"	"KNO"	"UNION"	822	517	1339	1	712	598	1358.0	109	469	1351.0	49	1303	0	577																												
"ME"	2012	"Knox"	"KNO"	"VINALHAVEN"	588	117	705	1	519	177	712.0	94	122	694.0	36	655	462	193																												
"ME"	2012	"Knox"	"KNO"	"WARREN"	1131	782	1913	1	961	940	1961.0	143	682	1938.0	49	1907	0	979																												
"ME"	2012	"Knox"	"KNO"	"WASHINGTON"	494	348	842	1	430	402	871.0	84	316	854.0	52	832	418	414																												
"ME"	2012	"Lincoln"	"LIN"	"ALNA"	301	147	448	1	271	182	467.0	49	136	455.0	53	446	233	213																												
"ME"	2012	"Lincoln"	"LIN"	"BOOTHBAY"	1199	822	2021	1	1099	920	2054.0	148	684	2038.0	61	2044	1081	963																												
"ME"	2012	"Lincoln"	"LIN"	"BOOTHBAY HARBOR"	846	476	1322	1	754	572	1352.0	108	410	1341.0	61	1345	694	651																												
"ME"	2012	"Lincoln"	"LIN"	"BREMEN"	315	171	486	1	293	187	493.0	55	150	494.0	50	473	266	207																												
"ME"	2012	"Lincoln"	"LIN"	"BRISTOL"	1139	631	1770	1	1049	718	1807.0	173	510	1803.0	51	1778	881	897																												
"ME"	2012	"Lincoln"	"LIN"	"DAMARISCOTTA"	838	446	1284	1	771	503	1307.0	123	338	1292.0	51	1279	625	654																												
"ME"	2012	"Lincoln"	"LIN"	"DRESDEN"	607	359	966	1	544	412	999.0	89	315	988.0	53	960	551	409																												
"ME"	2012	"Lincoln"	"LIN"	"EDGECOMB"	453	296	749	1	418	317	761.0	54	230	751.0	51	732	357	375																												
"ME"	2012	"Lincoln"	"LIN"	"JEFFERSON"	789	634	1423	1	676	742	1453.0	127	564	1433.0	52	874	440	434	50	550	256	294																								
"ME"	2012	"Lincoln"	"LIN"	"MONHEGAN PLT"	50	4	54	1	49	5	55.0	6	2	54.0	51	51	45	6																												
"ME"	2012	"Lincoln"	"LIN"	"NEWCASTLE"	772	388	1160	1	744	423	1196.0	109	310	1190.0	51	1155	635	520																												
"ME"	2012	"Lincoln"	"LIN"	"NOBLEBORO"	679	395	1074	1	622	466	1111.0	90	319	1099.0	50	1059	565	494																												
"ME"	2012	"Lincoln"	"LIN"	"SOMERVILLE"	148	118	266	1	136	129	275.0	30	107	273.0	52	270	136	134																												
"ME"	2012	"Lincoln"	"LIN"	"SOUTH BRISTOL"	408	199	607	1	376	224	620.0	61	176	615.0	51	599	294	305																												
"ME"	2012	"Lincoln"	"LIN"	"SOUTHPORT"	222	199	421	1	207	223	431.0	35	147	430.0	61	430	205	225																												
"ME"	2012	"Lincoln"	"LIN"	"WALDOBORO"	1513	993	2506	1	1323	1164	2573.0	255	915	2539.0	50	2467	959	1508																												
"ME"	2012	"Lincoln"	"LIN"	"WESTPORT ISLAND"	275	196	471	1	254	221	486.0	20	163	476.0	61	464	262	202																												
"ME"	2012	"Lincoln"	"LIN"	"WHITEFIELD"	742	473	1215	1	693	531	1263.0	124	403	1245.0	52	1236	650	586																												
"ME"	2012	"Lincoln"	"LIN"	"WISCASSET"	1177	847	2024	1	1036	960	2054.0	201	760	2028.0	53	1998	760	1238																												
"ME"	2012	"Oxford"	"OXF"	"ALBANY TWP"	164	102	266	2	169	94	282.0	25	65	278.0	91	270	104	166																												
"ME"	2012	"Oxford"	"OXF"	"ANDOVER"	280	217	497	2	255	217	506.0	60	150	502.0	92	485	320	165																												
"ME"	2012	"Oxford"	"OXF"	"ANDOVER TWPS "	1	3	4	2	0	3	4.0	0	3	3.0	91	3	1	2																												
"ME"	2012	"Oxford"	"OXF"	"BETHEL"	911	573	1484	2	911	552	1511.0	160	404	1503.0	91	1497	547	950																												
"ME"	2012	"Oxford"	"OXF"	"BROWNFIELD"	445	337	782	2	445	349	816.0	103	260	802.0	97	797	402	395																												
"ME"	2012	"Oxford"	"OXF"	"BUCKFIELD"	562	433	995	2	518	465	1027.0	115	351	1008.0	94	1011	432	579																												
"ME"	2012	"Oxford"	"OXF"	"BYRON"	51	28	79	2	39	37	80.0	19	38	82.0	92	80	57	23																												
"ME"	2012	"Oxford"	"OXF"	"CANTON"	277	183	460	2	260	197	483.0	74	157	477.0	93	463	212	251																												
"ME"	2012	"Oxford"	"OXF"	"DENMARK"	354	290	644	2	318	317	661.0	63	239	652.0	99	633	170	268																												
"ME"	2012	"Oxford"	"OXF"	"DIXFIELD"	770	472	1242	2	750	470	1268.0	232	380	1249.0	93	1270	539	731																												
"ME"	2012	"Oxford"	"OXF"	"FRYEBURG"	906	655	1561	2	920	649	1625.0	217	440	1590.0	97	1579	757	822																												
"ME"	2012	"Oxford"	"OXF"	"GILEAD"	62	41	103	2	68	41	115.0	17	33	107.0	91	113	33	80																												
"ME"	2012	"Oxford"	"OXF"	"GREENWOOD"	258	166	424	2	244	172	436.0	49	114	425.0	95	410	206	204																												
"ME"	2012	"Oxford"	"OXF"	"HANOVER"	94	67	161	2	88	71	162.0	19	52	159.0	91	158	52	106																												
"ME"	2012	"Oxford"	"OXF"	"HARTFORD"	321	238	559	2	307	256	586.0	54	190	564.0	94	570	311	259																												
"ME"	2012	"Oxford"	"OXF"	"HEBRON"	372	287	659	2	360	303	696.0	75	228	672.0	96	675	376	299																												
"ME"	2012	"Oxford"	"OXF"	"HIRAM"	413	284	697	2	379	323	729.0	83	246	706.0	97	704	411	293																												
"ME"	2012	"Oxford"	"OXF"	"LINCOLN PLT"	11	16	27	2	14	13	27.0	6	12	27.0	91	27	11	16																												
"ME"	2012	"Oxford"	"OXF"	"LOVELL"	342	285	627	2	333	306	658.0	55	220	648.0	98	621	328	293																												
"ME"	2012	"Oxford"	"OXF"	"MAGALLOWAY PLT"	4	10	14	2	3	10	14.0	1	8	14.0	91	14	3	11																												
"ME"	2012	"Oxford"	"OXF"	"MEXICO"	985	305	1290	2	894	352	1308.0	274	255	1307.0	93	1316	864	452																												
"ME"	2012	"Oxford"	"OXF"	"MILTON TWP "	44	29	73	2	45	30	78.0	13	18	73.0	91	75	25	50																												
"ME"	2012	"Oxford"	"OXF"	"NEWRY"	134	89	223	2	127	100	232.0	32	64	223.0	91	230	110	120																												
"ME"	2012	"Oxford"	"OXF"	"NORWAY"	1452	943	2395	2	1351	1033	2466.0	282	729	2436.0	95	2390	1186	1204																												
"ME"	2012	"Oxford"	"OXF"	"OTISFIELD"	528	436	964	2	517	438	990.0	112	327	982.0	100	944	401	543																												
"ME"	2012	"Oxford"	"OXF"	"OXFORD"	1118	830	1948	2	1049	918	2014.0	221	675	1992.0	100	1962	659	1303																												
"ME"	2012	"Oxford"	"OXF"	"PARIS"	1398	1002	2400	2	1345	1020	2455.0	291	724	2417.0	94	2521	1348	1173																												
"ME"	2012	"Oxford"	"OXF"	"PERU"	578	296	874	2	520	338	886.0	160	246	866.0	93	884	426	458																												
"ME"	2012	"Oxford"	"OXF"	"PORTER"	371	337	708	2	371	346	745.0	86	249	729.0	97	728	414	314																												
"ME"	2012	"Oxford"	"OXF"	"ROXBURY"	165	77	242	2	151	91	251.0	23	65	246.0	92	238	186	52																												
"ME"	2012	"Oxford"	"OXF"	"RUMFORD"	1875	756	2631	2	1671	915	2678.0	543	639	2646.0	92	2654	2167	487																												
"ME"	2012	"Oxford"	"OXF"	"STONEHAM"	92	57	149	2	90	59	155.0	23	37	151.0	91	138	76	62																												
"ME"	2012	"Oxford"	"OXF"	"STOW"	118	67	185	2	122	63	192.0	27	46	191.0	98	180	108	72																												
"ME"	2012	"Oxford"	"OXF"	"SUMNER"	284	226	510	2	271	241	528.0	66	185	514.0	94	517	240	277																												
"ME"	2012	"Oxford"	"OXF"	"SWEDEN"	130	90	220	2	125	96	226.0	30	75	219.0	98	220	128	92																												
"ME"	2012	"Oxford"	"OXF"	"UPTON"	23	31	54	2	24	32	60.0	10	29	57.0	91	58	18	40																												
"ME"	2012	"Oxford"	"OXF"	"WATERFORD"	494	367	861	2	455	382	890.0	77	270	870.0	95	852	361	491																												
"ME"	2012	"Oxford"	"OXF"	"WEST PARIS"	519	311	830	2	470	353	864.0	108	247	844.0	95	835	403	432																												
"ME"	2012	"Oxford"	"OXF"	"WOODSTOCK"	394	286	680	2	351	344	716.0	81	218	697.0	91	688	229	459																												
"ME"	2012	"Penobscot"	"PEN"	"ALTON"	253	189	442	2	225	211	450.0	51	153	442.0	13	430	152	278																												
"ME"	2012	"Penobscot"	"PEN"	"ARGYLE TWP "	44	33	77	2	38	40	79.0	15	35	76.0	13	72	32	40																												
"ME"	2012	"Penobscot"	"PEN"	"BANGOR"	8917	5456	14373	2	8781	5788	14946.0	2138	4418	14473.0	17	4203	2297	1906	15	3609	2460	1149	16	3165	1875	1290	18	2995	1802	1193																
"ME"	2012	"Penobscot"	"PEN"	"BRADFORD"	318	278	596	2	251	349	614.0	76	275	598.0	13	569	213	356																												
"ME"	2012	"Penobscot"	"PEN"	"BRADLEY"	509	265	774	2	439	345	797.0	116	242	768.0	20	736	352	384																												
"ME"	2012	"Penobscot"	"PEN"	"BREWER"	2616	2359	4975	2	2450	2542	5081.0	580	1886	5010.0	21	4702	2559	2143	20	135	50	85																								
"ME"	2012	"Penobscot"	"PEN"	"BURLINGTON"	84	94	178	2	67	111	183.0	26	80	179.0	11	187	37	150																												
"ME"	2012	"Penobscot"	"PEN"	"CARMEL"	685	748	1433	2	579	849	1462.0	140	674	1425.0	23	1399	409	990																												
"ME"	2012	"Penobscot"	"PEN"	"CARROLL PLT"	37	44	81	2	29	52	83.0	13	46	82.0	11	84	11	73																												
"ME"	2012	"Penobscot"	"PEN"	"CHARLESTON"	245	414	659	2	186	454	664.0	52	357	646.0	24	633	193	440																												
"ME"	2012	"Penobscot"	"PEN"	"CHESTER"	143	140	283	2	103	176	285.0	31	139	277.0	11	290	51	239																												
"ME"	2012	"Penobscot"	"PEN"	"CLIFTON"	223	228	451	2	221	231	462.0	58	181	453.0	20	445	188	257																												
"ME"	2012	"Penobscot"	"PEN"	"CORINNA"	507	571	1078	2	414	649	1094.0	111	503	1072.0	25	1050	220	830																												
"ME"	2012	"Penobscot"	"PEN"	"CORINTH"	596	763	1359	2	477	874	1380.0	125	687	1352.0	22	648	0	449	25	647	152	495																								
"ME"	2012	"Penobscot"	"PEN"	"DEXTER"	847	764	1611	2	745	860	1650.0	205	612	1625.0	24	1637	814	823																												
"ME"	2012	"Penobscot"	"PEN"	"DIXMONT"	350	331	681	2	323	357	694.0	81	291	683.0	39	656	0	370																												
"ME"	2012	"Penobscot"	"PEN"	"DREW PLT"	8	8	16	2	7	13	20.0	3	6	17.0	11	20	3	17																												
"ME"	2012	"Penobscot"	"PEN"	"EAST MILLINOCKET"	666	255	921	2	483	416	921.0	122	295	909.0	10	914	607	307																												
"ME"	2012	"Penobscot"	"PEN"	"EAST MILLINOCKET ARO TWPS "	1	0	1	2	1	0	1.0	1	0	1.0	9	1	1	0																												
"ME"	2012	"Penobscot"	"PEN"	"EAST MILLINOCKET PEN TWPS "	0	2	2	2	2	0	2.0	0	0	2.0	9	2	2	0																												
"ME"	2012	"Penobscot"	"PEN"	"EDDINGTON"	623	620	1243	2	557	682	1268.0	119	552	1227.0	20	1214	499	715																												
"ME"	2012	"Penobscot"	"PEN"	"EDINBURG"	38	32	70	2	41	30	71.0	9	26	69.0	12	71	44	27																												
"ME"	2012	"Penobscot"	"PEN"	"ENFIELD"	438	326	764	2	356	389	769.0	107	304	755.0	12	757	463	294																												
"ME"	2012	"Penobscot"	"PEN"	"ETNA"	309	281	590	2	256	344	616.0	83	266	603.0	23	580	214	366																												
"ME"	2012	"Penobscot"	"PEN"	"EXETER"	266	272	538	2	220	312	543.0	49	229	539.0	25	529	169	360																												
"ME"	2012	"Penobscot"	"PEN"	"GARLAND"	264	275	539	2	246	287	549.0	56	236	526.0	24	526	226	300																												
"ME"	2012	"Penobscot"	"PEN"	"GLENBURN"	1277	1171	2448	2	1136	1281	2459.0	269	1009	2439.0	22	2327	0	1790																												
"ME"	2012	"Penobscot"	"PEN"	"GREENBUSH"	296	308	604	2	253	342	612.0	73	262	593.0	13	591	162	429																												
"ME"	2012	"Penobscot"	"PEN"	"GREENFIELD TWP "	45	65	110	2	37	71	111.0	9	66	107.0	11	113	30	83																												
"ME"	2012	"Penobscot"	"PEN"	"HAMPDEN"	2111	2007	4118	2	2013	2099	4191.0	349	1552	4091.0	39	3944	0	2340																												
"ME"	2012	"Penobscot"	"PEN"	"HERMON"	1424	1557	2981	2	1250	1731	3033.0	271	1346	2977.0	23	2902	1239	1663																												
"ME"	2012	"Penobscot"	"PEN"	"HOLDEN"	896	999	1895	2	827	1059	1927.0	191	853	1914.0	20	1838	805	1033																												
"ME"	2012	"Penobscot"	"PEN"	"HOWLAND"	430	222	652	2	342	289	647.0	122	212	626.0	12	634	419	215																												
"ME"	2012	"Penobscot"	"PEN"	"HUDSON"	317	401	718	2	278	444	741.0	82	359	717.0	13	697	220	477																												
"ME"	2012	"Penobscot"	"PEN"	"KENDUSKEAG"	319	293	612	2	279	338	633.0	58	262	614.0	22	599	0	366																												
"ME"	2012	"Penobscot"	"PEN"	"KINGMAN TWP"	31	34	65	2	21	46	67.0	13	38	63.0	11	68	9	59																												
"ME"	2012	"Penobscot"	"PEN"	"LAGRANGE"	155	157	312	2	139	178	323.0	37	137	317.0	13	305	102	203																												
"ME"	2012	"Penobscot"	"PEN"	"LAKEVILLE"	43	36	79	2	37	41	80.0	14	32	76.0	11	80	11	69																												
"ME"	2012	"Penobscot"	"PEN"	"LEE"	218	232	450	2	160	291	456.0	49	215	447.0	11	466	67	399																												
"ME"	2012	"Penobscot"	"PEN"	"LEVANT"	694	737	1431	2	538	875	1462.0	135	697	1428.0	22	1371	0	1044																												
"ME"	2012	"Penobscot"	"PEN"	"LINCOLN"	1169	1166	2335	2	977	1338	2389.0	318	963	2345.0	12	2361	859	1502																												
"ME"	2012	"Penobscot"	"PEN"	"LOWELL"	92	99	191	2	71	119	196.0	19	96	192.0	11	199	42	157																												
"ME"	2012	"Penobscot"	"PEN"	"MATTAMISCONTIS TWP "	19	20	39	2	11	26	38.0	0	17	39.0	12	39	8	31																												
"ME"	2012	"Penobscot"	"PEN"	"MATTAWAMKEAG"	240	118	358	2	176	171	360.0	52	121	350.0	11	370	88	282																												
"ME"	2012	"Penobscot"	"PEN"	"MATTAWAMKEAG TWPS "	27	6	33	2	16	17	33.0	4	8	32.0	9	32	19	13																												
"ME"	2012	"Penobscot"	"PEN"	"MAXFIELD"	25	31	56	2	22	32	55.0	5	30	55.0	12	54	32	22																												
"ME"	2012	"Penobscot"	"PEN"	"MEDWAY"	412	269	681	2	285	388	688.0	74	298	657.0	10	675	420	255																												
"ME"	2012	"Penobscot"	"PEN"	"MEDWAY ARO TWPS "	3	2	5	2	4	1	5.0	0	1	5.0	9	5	3	2																												
"ME"	2012	"Penobscot"	"PEN"	"MEDWAY PEN TWPS "	23	4	27	2	16	9	26.0	3	9	27.0	9	26	10	16	10	0	0	0																								
"ME"	2012	"Penobscot"	"PEN"	"MILFORD"	907	495	1402	2	828	579	1448.0	246	406	1399.0	13	1382	544	838																												
"ME"	2012	"Penobscot"	"PEN"	"MILLINOCKET"	1647	670	2317	2	1317	937	2311.0	325	716	2282.0	10	2289	1266	1023																												
"ME"	2012	"Penobscot"	"PEN"	"MILLINOCKET PEN TWPS "	86	38	124	2	69	53	124.0	10	48	121.0	10	66	38	28	9	51	30	21																								
"ME"	2012	"Penobscot"	"PEN"	"MILLINOCKET PIS TWPS "	26	31	57	2	19	38	58.0	8	32	58.0	27	54	16	38																												
"ME"	2012	"Penobscot"	"PEN"	"MOUNT CHASE"	63	48	111	2	36	76	115.0	9	59	112.0	9	109	38	71																												
"ME"	2012	"Penobscot"	"PEN"	"NEWBURGH"	429	396	825	2	395	428	838.0	74	310	828.0	39	800	0	326																												
"ME"	2012	"Penobscot"	"PEN"	"NEWPORT"	772	783	1555	2	684	890	1615.0	161	679	1570.0	25	1553	389	1164																												
"ME"	2012	"Penobscot"	"PEN"	"OLD TOWN"	2511	1221	3732	2	2340	1330	3801.0	638	1014	3747.0	14	3666	2357	1309																												
"ME"	2012	"Penobscot"	"PEN"	"ORONO"	3696	1338	5034	2	3761	1396	5386.0	878	975	5136.0	19	4448	3122	1326	18	384	191	193																								
"ME"	2012	"Penobscot"	"PEN"	"ORRINGTON"	1033	1120	2153	2	986	1188	2222.0	175	961	2175.0	40	2148	746	1402																												
"ME"	2012	"Penobscot"	"PEN"	"PASSADUMKEAG"	94	99	193	2	70	120	195.0	24	80	188.0	11	199	37	162																												
"ME"	2012	"Penobscot"	"PEN"	"PATTEN"	293	207	500	2	223	267	503.0	45	224	489.0	9	479	175	304																												
"ME"	2012	"Penobscot"	"PEN"	"PENOB NAT VOTING DIS"	240	22	262	2	252	23	282.0	159	28	260.0	14	244	206	38																												
"ME"	2012	"Penobscot"	"PEN"	"PLYMOUTH"	316	334	650	2	265	374	656.0	69	305	645.0	25	635	151	484																												
"ME"	2012	"Penobscot"	"PEN"	"PRENTISS TWP"	30	39	69	2	26	39	70.0	14	41	67.0	11	70	16	54																												
"ME"	2012	"Penobscot"	"PEN"	"SEBOEIS PLT"	21	5	26	2	16	10	26.0	2	5	25.0	12	26	11	15																												
"ME"	2012	"Penobscot"	"PEN"	"SPRINGFIELD"	87	67	154	2	52	101	157.0	14	68	151.0	11	161	30	131																												
"ME"	2012	"Penobscot"	"PEN"	"STACYVILLE"	108	100	208	2	72	135	213.0	30	100	201.0	9	198	41	157																												
"ME"	2012	"Penobscot"	"PEN"	"STETSON"	304	341	645	2	294	352	657.0	71	286	656.0	23	622	227	395																												
"ME"	2012	"Penobscot"	"PEN"	"VEAZIE"	599	472	1071	2	580	482	1087.0	129	361	1076.0	18	1062	561	501																												
"ME"	2012	"Penobscot"	"PEN"	"WEBSTER PLT"	14	8	22	2	13	9	23.0	3	5	22.0	11	23	6	17																												
"ME"	2012	"Penobscot"	"PEN"	"WINN"	89	90	179	2	66	112	178.0	17	84	178.0	11	186	32	154																												
"ME"	2012	"Penobscot"	"PEN"	"WOODVILLE"	81	46	127	2	62	61	125.0	18	50	123.0	11	130	21	109																												
"ME"	2012	"Piscataquis"	"PIS"	"ABBOT"	191	183	374	2	153	216	384.0	26	159	372.0	27	351	109	242																												
"ME"	2012	"Piscataquis"	"PIS"	"ATKINSON"	83	94	177	2	73	103	181.0	17	83	174.0	26	185	0	30																												
"ME"	2012	"Piscataquis"	"PIS"	"BEAVER COVE"	46	47	93	2	41	52	94.0	5	37	92.0	27	92	20	72																												
"ME"	2012	"Piscataquis"	"PIS"	"BEAVER COVE TWPS "	0	0	0	2	0	0	0.0	0	0	0.0	27	0	0	0																												
"ME"	2012	"Piscataquis"	"PIS"	"BOWERBANK"	34	50	84	2	36	48	84.0	7	40	83.0	27	80	15	65																												
"ME"	2012	"Piscataquis"	"PIS"	"BROWNVILLE"	407	289	696	2	346	335	702.0	90	251	686.0	27	652	251	401																												
"ME"	2012	"Piscataquis"	"PIS"	"DOVER-FOXCROFT"	1108	989	2097	2	991	1058	2108.0	212	814	2090.0	26	2144	0	426																												
"ME"	2012	"Piscataquis"	"PIS"	"ELLIOTTSVILLE TWP "	11	6	17	2	11	6	17.0	4	4	17.0	27	16	10	6																												
"ME"	2012	"Piscataquis"	"PIS"	"GREENVILLE"	594	510	1104	2	599	505	1122.0	112	444	1105.0	27	1079	331	748																												
"ME"	2012	"Piscataquis"	"PIS"	"GREENVILLE PIS TWPS "	0	0	0	2	0	0	0.0	0	0	0.0	27	0	0	0																												
"ME"	2012	"Piscataquis"	"PIS"	"GUILFORD"	371	325	696	2	310	365	709.0	83	262	689.0	27	668	229	439																												
"ME"	2012	"Piscataquis"	"PIS"	"LAKE VIEW PLT"	39	23	62	2	39	24	63.0	4	15	62.0	26	63	0	13																												
"ME"	2012	"Piscataquis"	"PIS"	"MEDFORD"	66	68	134	2	48	80	135.0	14	63	131.0	26	137	0	24																												
"ME"	2012	"Piscataquis"	"PIS"	"MILO"	606	506	1112	2	506	572	1124.0	112	430	1107.0	26	1139	0	201																												
"ME"	2012	"Piscataquis"	"PIS"	"MONSON"	219	201	420	2	197	207	424.0	53	176	413.0	27	410	128	282																												
"ME"	2012	"Piscataquis"	"PIS"	"ORNEVILLE TWP "	0	1	1	2	0	1	1.0	0	1	1.0	26	1	0	0																												
"ME"	2012	"Piscataquis"	"PIS"	"PARKMAN"	212	197	409	2	176	227	417.0	28	186	411.0	27	393	160	233																												
"ME"	2012	"Piscataquis"	"PIS"	"SANGERVILLE"	353	297	650	2	317	341	669.0	66	219	648.0	26	676	0	131																												
"ME"	2012	"Piscataquis"	"PIS"	"SEBEC"	168	201	369	2	139	225	380.0	40	199	373.0	27	358	115	243																												
"ME"	2012	"Piscataquis"	"PIS"	"SHIRLEY"	57	77	134	2	55	77	135.0	8	65	135.0	27	137	25	112																												
"ME"	2012	"Piscataquis"	"PIS"	"WELLINGTON"	83	41	124	2	80	40	124.0	24	34	120.0	88	109	70	39																												
"ME"	2012	"Piscataquis"	"PIS"	"WILLIMANTIC"	31	46	77	2	32	48	82.0	6	40	78.0	27	74	22	52																												
"ME"	2012	"Sagadahoc"	"SAG"	"ARROWSIC"	226	91	317	1	220	92	322.0	27	62	321.0	61	312	221	91																												
"ME"	2012	"Sagadahoc"	"SAG"	"BATH"	3159	1284	4443	1	2895	1512	4549.0	544	953	4504.0	62	3931	2456	1475	65	451	325	126																								
"ME"	2012	"Sagadahoc"	"SAG"	"BOWDOIN"	832	726	1558	1	711	837	1599.0	106	577	1594.0	67	1569	904	665																												
"ME"	2012	"Sagadahoc"	"SAG"	"BOWDOINHAM"	1065	640	1705	1	1020	691	1758.0	149	464	1734.0	67	1735	1150	585																												
"ME"	2012	"Sagadahoc"	"SAG"	"GEORGETOWN"	459	245	704	1	447	273	734.0	47	180	730.0	61	700	451	249																												
"ME"	2012	"Sagadahoc"	"SAG"	"PHIPPSBURG"	864	499	1363	1	754	607	1396.0	107	438	1394.0	64	1379	518	861																												
"ME"	2012	"Sagadahoc"	"SAG"	"RICHMOND"	1074	651	1725	1	952	772	1771.0	180	548	1765.0	67	1742	1176	566																												
"ME"	2012	"Sagadahoc"	"SAG"	"TOPSHAM"	3446	1961	5407	1	3153	2259	5532.0	446	1561	5490.0	60	5003	3064	1939	65	301	192	109																								
"ME"	2012	"Sagadahoc"	"SAG"	"WEST BATH"	734	453	1187	1	641	544	1215.0	85	356	1211.0	64	824	374	450	65	346	212	134																								
"ME"	2012	"Sagadahoc"	"SAG"	"WOOLWICH"	1096	788	1884	1	1028	842	1918.0	127	650	1909.0	65	1874	1099	775																												
"ME"	2012	"Somerset"	"SOM"	"ANSON"	658	416	1074	2	543	512	1089.0	157	381	1080.0	88	1066	373	693																												
"ME"	2012	"Somerset"	"SOM"	"ATHENS"	235	179	414	2	211	204	430.0	70	169	415.0	24	380	192	188																												
"ME"	2012	"Somerset"	"SOM"	"BINGHAM"	262	190	452	2	248	203	465.0	66	141	442.0	88	432	166	266																												
"ME"	2012	"Somerset"	"SOM"	"BRIGHTON PLT"	21	18	39	2	19	23	43.0	3	19	40.0	88	45	11	34																												
"ME"	2012	"Somerset"	"SOM"	"CAMBRIDGE"	122	144	266	2	96	165	269.0	22	127	265.0	27	261	124	137																												
"ME"	2012	"Somerset"	"SOM"	"CANAAN"	590	398	988	2	515	464	1009.0	159	348	984.0	28	964	601	363																												
"ME"	2012	"Somerset"	"SOM"	"CARATUNK"	27	22	49	2	23	28	51.0	9	27	48.0	88	46	17	29																												
"ME"	2012	"Somerset"	"SOM"	"CONCORD TWP "	1	2	3	2	0	0	3.0	0	2	3.0	88	3	0	3																												
"ME"	2012	"Somerset"	"SOM"	"CORNVILLE"	352	302	654	2	304	358	672.0	75	283	657.0	28	639	302	337																												
"ME"	2012	"Somerset"	"SOM"	"DENNISTOWN PLT"	8	8	16	2	5	9	15.0	3	7	15.0	88	15	3	12																												
"ME"	2012	"Somerset"	"SOM"	"DETROIT"	211	178	389	2	201	185	395.0	63	98	389.0	29	376	187	189																												
"ME"	2012	"Somerset"	"SOM"	"EMBDEN"	254	220	474	2	218	248	483.0	58	193	475.0	88	472	135	337																												
"ME"	2012	"Somerset"	"SOM"	"FAIRFIELD"	1990	1174	3164	2	1719	1359	3203.0	476	1015	3175.0	84	3140	1698	1442																												
"ME"	2012	"Somerset"	"SOM"	"HARMONY"	235	197	432	2	196	245	451.0	58	202	437.0	24	421	190	231																												
"ME"	2012	"Somerset"	"SOM"	"HARTLAND"	389	427	816	2	324	487	845.0	99	385	807.0	28	812	211	601																												
"ME"	2012	"Somerset"	"SOM"	"HIGHLAND PLT"	46	57	103	2	39	62	107.0	21	64	106.0	88	105	31	74																												
"ME"	2012	"Somerset"	"SOM"	"HIGHLAND SOM TWPS "	0	0	0	2	0	0	0.0	0	0	0.0	88	0	0	0																												
"ME"	2012	"Somerset"	"SOM"	"JACKMAN"	276	219	495	2	190	291	504.0	53	196	495.0	88	461	133	328																												
"ME"	2012	"Somerset"	"SOM"	"MADISON"	1328	732	2060	2	1118	924	2100.0	321	686	2067.0	86	2047	1052	995																												
"ME"	2012	"Somerset"	"SOM"	"MERCER"	212	149	361	2	190	164	365.0	41	120	360.0	87	352	226	126																												
"ME"	2012	"Somerset"	"SOM"	"MOOSE RIVER"	43	66	109	2	33	76	112.0	13	63	107.0	88	102	17	85																												
"ME"	2012	"Somerset"	"SOM"	"MOSCOW"	156	88	244	2	137	110	249.0	58	84	247.0	88	240	95	145																												
"ME"	2012	"Somerset"	"SOM"	"NEW PORTLAND"	240	167	407	2	213	194	423.0	58	139	414.0	88	400	154	246																												
"ME"	2012	"Somerset"	"SOM"	"NORRIDGEWOCK"	960	634	1594	2	772	806	1634.0	213	627	1610.0	86	1593	876	717																												
"ME"	2012	"Somerset"	"SOM"	"PALMYRA"	515	496	1011	2	430	576	1040.0	116	466	1019.0	28	1026	233	793																												
"ME"	2012	"Somerset"	"SOM"	"PITTSFIELD"	987	823	1810	2	869	941	1848.0	235	707	1814.0	29	1781	854	927																												
"ME"	2012	"Somerset"	"SOM"	"PLEASANT RIDGE PLT"	29	22	51	2	29	22	51.0	6	21	51.0	88	48	13	35																												
"ME"	2012	"Somerset"	"SOM"	"RIPLEY"	109	114	223	2	93	130	231.0	20	105	227.0	24	212	85	127																												
"ME"	2012	"Somerset"	"SOM"	"ROCKWOOD TWP"	88	105	193	2	71	121	197.0	16	96	193.0	88	181	58	123																												
"ME"	2012	"Somerset"	"SOM"	"SKOWHEGAN"	2429	1375	3804	2	2225	1558	3909.0	578	1205	3867.0	85	3881	2465	1416																												
"ME"	2012	"Somerset"	"SOM"	"SMITHFIELD"	326	225	551	2	282	272	572.0	67	190	554.0	84	520	243	277																												
"ME"	2012	"Somerset"	"SOM"	"SOLON"	330	214	544	2	268	266	554.0	87	195	547.0	86	539	306	233																												
"ME"	2012	"Somerset"	"SOM"	"SPRING LAKE "	2	1	3	2	0	2	3.0	0	2	3.0	88	3	0	3																												
"ME"	2012	"Somerset"	"SOM"	"ST ALBANS"	492	545	1037	2	416	620	1056.0	121	488	1037.0	28	1028	308	720																												
"ME"	2012	"Somerset"	"SOM"	"STARKS"	185	120	305	2	171	133	318.0	39	99	306.0	87	306	221	85																												
"ME"	2012	"Somerset"	"SOM"	"THE FORKS PLT"	23	20	43	2	23	21	44.0	3	17	42.0	88	40	17	23																												
"ME"	2012	"Somerset"	"SOM"	"WEST FORKS PLT"	26	19	45	2	25	21	47.0	3	19	43.0	88	41	18	23																												
"ME"	2012	"Statewide"	"Statewide"	"STATE UOCAVA"	1993	793	2786		2071	858	3054.0	702	587	2911.0		2605	1625	851																												
"ME"	2012	"Waldo"	"WAL"	"BELFAST"	2349	1193	3542	2	2274	1240	3620.0	453	935	3543.0	43	3557	2361	1196																												
"ME"	2012	"Waldo"	"WAL"	"BELMONT"	288	199	487	2	261	214	491.0	58	151	478.0	43	489	272	217																												
"ME"	2012	"Waldo"	"WAL"	"BROOKS"	269	237	506	2	243	260	516.0	65	217	507.0	42	481	0	253																												
"ME"	2012	"Waldo"	"WAL"	"BURNHAM"	335	253	588	2	290	292	597.0	83	194	573.0	45	568	268	300																												
"ME"	2012	"Waldo"	"WAL"	"FRANKFORT"	285	225	510	2	242	270	532.0	68	225	520.0	41	498	197	301																												
"ME"	2012	"Waldo"	"WAL"	"FREEDOM"	236	148	384	2	215	163	398.0	67	119	399.0	45	395	244	151																												
"ME"	2012	"Waldo"	"WAL"	"ISLESBORO"	283	123	406	2	282	134	420.0	52	89	404.0	44	386	255	131																												
"ME"	2012	"Waldo"	"WAL"	"JACKSON"	148	125	273	2	127	137	282.0	35	93	276.0	42	268	0	120																												
"ME"	2012	"Waldo"	"WAL"	"KNOX"	208	177	385	2	158	226	395.0	38	171	380.0	45	379	172	207																												
"ME"	2012	"Waldo"	"WAL"	"LIBERTY"	273	198	471	2	259	219	492.0	44	178	476.0	44	475	265	210																												
"ME"	2012	"Waldo"	"WAL"	"LINCOLNVILLE"	904	501	1405	2	858	535	1434.0	146	389	1416.0	44	1387	735	652																												
"ME"	2012	"Waldo"	"WAL"	"MONROE"	291	177	468	2	265	192	485.0	74	163	477.0	42	444	0	175																												
"ME"	2012	"Waldo"	"WAL"	"MONTVILLE"	353	173	526	2	319	192	549.0	79	136	527.0	45	529	336	193																												
"ME"	2012	"Waldo"	"WAL"	"MORRILL"	224	250	474	2	217	271	501.0	32	212	482.0	44	485	119	366																												
"ME"	2012	"Waldo"	"WAL"	"NORTHPORT"	535	387	922	2	535	398	953.0	105	309	935.0	43	923	528	395																												
"ME"	2012	"Waldo"	"WAL"	"PALERMO"	409	373	782	2	352	429	806.0	70	303	780.0	45	771	286	485																												
"ME"	2012	"Waldo"	"WAL"	"PROSPECT"	205	137	342	2	193	150	356.0	47	110	346.0	41	337	173	164																												
"ME"	2012	"Waldo"	"WAL"	"SEARSMONT"	432	293	725	2	383	333	735.0	81	256	735.0	44	718	304	414																												
"ME"	2012	"Waldo"	"WAL"	"SEARSPORT"	810	581	1391	2	767	622	1432.0	205	501	1414.0	41	1399	575	824																												
"ME"	2012	"Waldo"	"WAL"	"STOCKTON SPRINGS"	544	393	937	2	491	424	948.0	109	315	933.0	41	918	456	462																												
"ME"	2012	"Waldo"	"WAL"	"SWANVILLE"	408	283	691	2	362	298	710.0	75	267	685.0	42	629	0	312																												
"ME"	2012	"Waldo"	"WAL"	"THORNDIKE"	233	138	371	2	214	154	383.0	55	109	369.0	45	370	214	156																												
"ME"	2012	"Waldo"	"WAL"	"TROY"	281	232	513	2	258	260	527.0	56	196	505.0	45	506	243	263																												
"ME"	2012	"Waldo"	"WAL"	"UNITY"	528	392	920	2	479	443	976.0	151	317	927.0	45	944	480	464																												
"ME"	2012	"Waldo"	"WAL"	"WALDO"	251	151	402	2	225	184	424.0	53	137	406.0	42	372	0	179																												
"ME"	2012	"Waldo"	"WAL"	"WINTERPORT"	1097	954	2051	2	1027	1018	2099.0	224	830	2044.0	42	1977	0	1020																												
"ME"	2012	"Washington"	"WAS"	"ADDISON"	225	355	580	2	273	299	588.0	64	252	576.0	33	570	226	344																												
"ME"	2012	"Washington"	"WAS"	"ALEXANDER"	95	179	274	2	131	153	289.0	36	114	278.0	30	263	149	114																												
"ME"	2012	"Washington"	"WAS"	"BAILEYVILLE"	283	341	624	2	354	230	624.0	117	195	606.0	31	606	237	369																												
"ME"	2012	"Washington"	"WAS"	"BARING PLT"	31	69	100	2	56	49	106.0	14	41	104.0	31	103	42	61																												
"ME"	2012	"Washington"	"WAS"	"BEALS"	102	163	265	2	134	137	277.0	43	97	257.0	33	267	141	126																												
"ME"	2012	"Washington"	"WAS"	"BEDDINGTON"	14	20	34	2	13	21	35.0	2	18	34.0	30	34	14	20																												
"ME"	2012	"Washington"	"WAS"	"BEDDINGTON TWPS "	1	3	4	2	1	3	4.0	0	2	4.0	30	4	0	4																												
"ME"	2012	"Washington"	"WAS"	"BROOKTON TWP"	36	69	105	2	25	84	111.0	9	65	103.0	11	111	25	86																												
"ME"	2012	"Washington"	"WAS"	"CALAIS"	491	975	1466	2	730	725	1489.0	195	556	1451.0	31	1447	472	975																												
"ME"	2012	"Washington"	"WAS"	"CENTERVILLE TWP "	5	15	20	2	6	14	20.0	1	9	18.0	30	16	5	11																												
"ME"	2012	"Washington"	"WAS"	"CHARLOTTE"	56	116	172	2	64	97	169.0	14	65	167.0	31	165	54	111																												
"ME"	2012	"Washington"	"WAS"	"CHERRYFIELD"	233	338	571	2	278	303	595.0	67	228	567.0	33	562	248	314																												
"ME"	2012	"Washington"	"WAS"	"COLUMBIA"	65	130	195	2	67	126	201.0	22	96	193.0	33	190	56	134																												
"ME"	2012	"Washington"	"WAS"	"COLUMBIA FALLS"	102	174	276	2	122	148	285.0	37	131	275.0	33	277	82	195																												
"ME"	2012	"Washington"	"WAS"	"COOPER"	46	68	114	2	53	55	113.0	11	49	110.0	30	107	58	49																												
"ME"	2012	"Washington"	"WAS"	"COOPER TWP "	2	14	16	2	4	12	16.0	2	9	16.0	30	16	6	10																												
"ME"	2012	"Washington"	"WAS"	"CRAWFORD"	16	46	62	2	23	40	63.0	6	30	62.0	30	59	21	38																												
"ME"	2012	"Washington"	"WAS"	"CUTLER"	87	187	274	2	116	163	284.0	29	130	266.0	32	272	102	170																												
"ME"	2012	"Washington"	"WAS"	"DANFORTH"	119	138	257	2	110	150	265.0	35	105	257.0	11	268	62	206																												
"ME"	2012	"Washington"	"WAS"	"DEBLOIS"	7	20	27	2	7	20	27.0	4	10	27.0	30	24	14	10																												
"ME"	2012	"Washington"	"WAS"	"DENNYSVILLE"	48	109	157	2	77	77	157.0	23	49	150.0	30	153	90	63																												
"ME"	2012	"Washington"	"WAS"	"EAST MACHIAS"	248	456	704	2	310	381	712.0	74	283	702.0	30	668	342	326																												
"ME"	2012	"Washington"	"WAS"	"EASTPORT"	386	458	844	2	488	296	840.0	140	234	810.0	32	784	527	257																												
"ME"	2012	"Washington"	"WAS"	"EDMUNDS TWP"	47	112	159	2	73	75	159.0	11	56	156.0	30	155	82	73																												
"ME"	2012	"Washington"	"WAS"	"GRAND LAKE STREAM PLT"	32	70	102	2	42	58	102.0	11	50	97.0	11	104	17	87																												
"ME"	2012	"Washington"	"WAS"	"HARRINGTON"	158	285	443	2	181	264	456.0	60	185	441.0	33	426	145	281																												
"ME"	2012	"Washington"	"WAS"	"INDIAN TOWNSHIP"	127	91	218	2	208	25	236.0	95	34	208.0	31	211	132	79																												
"ME"	2012	"Washington"	"WAS"	"JONESBORO"	93	197	290	2	140	146	292.0	38	103	283.0	30	274	165	109																												
"ME"	2012	"Washington"	"WAS"	"JONESPORT"	250	353	603	2	311	296	618.0	79	220	594.0	33	593	289	304																												
"ME"	2012	"Washington"	"WAS"	"LUBEC"	336	446	782	2	465	307	792.0	147	220	762.0	32	774	526	248																												
"ME"	2012	"Washington"	"WAS"	"MACHIAS"	352	502	854	2	449	396	875.0	123	285	850.0	32	849	483	366																												
"ME"	2012	"Washington"	"WAS"	"MACHIASPORT"	181	292	473	2	243	240	490.0	70	165	470.0	32	469	223	246																												
"ME"	2012	"Washington"	"WAS"	"MARSHFIELD"	71	217	288	2	119	163	291.0	19	133	278.0	30	273	118	155																												
"ME"	2012	"Washington"	"WAS"	"MEDDYBEMPS"	27	68	95	2	36	50	93.0	7	47	93.0	30	92	46	46																												
"ME"	2012	"Washington"	"WAS"	"MILBRIDGE"	256	350	606	2	320	283	619.0	78	221	594.0	33	580	251	329																												
"ME"	2012	"Washington"	"WAS"	"NORTHFIELD"	36	54	90	2	47	47	95.0	10	30	88.0	30	87	52	35																												
"ME"	2012	"Washington"	"WAS"	"PEMBROKE"	179	266	445	2	229	211	452.0	60	152	436.0	30	439	296	143																												
"ME"	2012	"Washington"	"WAS"	"PERRY"	158	291	449	2	219	217	449.0	66	163	438.0	31	430	168	262																												
"ME"	2012	"Washington"	"WAS"	"PLEASANT PT VOTING DIS"	110	121	231	2	204	29	238.0	97	35	211.0	31	216	103	113																												
"ME"	2012	"Washington"	"WAS"	"PRINCETON"	176	288	464	2	196	251	466.0	67	195	460.0	11	473	92	381																												
"ME"	2012	"Washington"	"WAS"	"ROBBINSTON"	102	187	289	2	143	142	296.0	46	118	284.0	31	280	103	177																												
"ME"	2012	"Washington"	"WAS"	"ROQUE BLUFFS"	74	77	151	2	92	60	154.0	18	38	147.0	32	147	92	55																												
"ME"	2012	"Washington"	"WAS"	"STEUBEN"	231	291	522	2	257	269	546.0	81	186	522.0	33	500	229	271																												
"ME"	2012	"Washington"	"WAS"	"T10 SD "	3	9	12	2	5	7	12.0	0	8	12.0	30	12	6	6																												
"ME"	2012	"Washington"	"WAS"	"TALMADGE"	8	25	33	2	13	19	33.0	3	18	32.0	11	33	2	31																												
"ME"	2012	"Washington"	"WAS"	"TOPSFIELD"	30	82	112	2	38	73	114.0	14	60	111.0	11	114	21	93																												
"ME"	2012	"Washington"	"WAS"	"VANCEBORO"	44	58	102	2	51	52	105.0	21	22	101.0	11	106	20	86																												
"ME"	2012	"Washington"	"WAS"	"WAITE"	23	34	57	2	22	33	58.0	3	26	55.0	11	58	10	48																												
"ME"	2012	"Washington"	"WAS"	"WESLEY"	24	46	70	2	29	42	72.0	6	31	71.0	30	66	32	34																												
"ME"	2012	"Washington"	"WAS"	"WESLEY TWPS "	2	3	5	2	3	2	5.0	0	1	5.0	11	5	0	5																												
"ME"	2012	"Washington"	"WAS"	"WHITING"	147	186	333	2	178	154	338.0	55	125	331.0	32	331	163	168																												
"ME"	2012	"Washington"	"WAS"	"WHITNEYVILLE"	36	72	108	2	48	56	110.0	19	44	106.0	30	103	61	42																												
"ME"	2012	"York"	"YOR"	"ACTON"	660	630	1290	1	688	625	1346.0	172	423	1316.0	144	1279	502	777																												
"ME"	2012	"York"	"YOR"	"ALFRED"	914	796	1710	1	964	739	1742.0	245	515	1717.0	138	1648	0	927																												
"ME"	2012	"York"	"YOR"	"ARUNDEL"	1366	833	2199	1	1229	960	2251.0	302	697	2224.0	140	2167	775	1392																												
"ME"	2012	"York"	"YOR"	"BERWICK"	1767	1689	3456	1	1733	1812	3642.0	559	1220	3516.0	145	3508	1800	1708																												
"ME"	2012	"York"	"YOR"	"BIDDEFORD"	6801	2754	9555	1	6618	3047	9902.0	1878	2343	9650.0	135	4056	2585	1471	137	2701	1673	1028	136	2621	1864	757																				
"ME"	2012	"York"	"YOR"	"BUXTON"	2406	1720	4126	1	2212	1909	4239.0	406	1498	4204.0	131	2573	1286	1287	130	1525	797	728																								
"ME"	2012	"York"	"YOR"	"CORNISH"	439	294	733	1	415	324	760.0	89	215	740.0	99	712	406	259																												
"ME"	2012	"York"	"YOR"	"DAYTON"	658	454	1112	1	590	503	1134.0	133	381	1128.0	140	1074	393	681																												
"ME"	2012	"York"	"YOR"	"ELIOT"	2334	1431	3765	1	2210	1644	3931.0	642	1062	3824.0	148	3819	2189	1630																												
"ME"	2012	"York"	"YOR"	"HOLLIS"	1426	907	2333	1	1249	1054	2401.0	249	821	2362.0	131	2318	803	1515																												
"ME"	2012	"York"	"YOR"	"KENNEBUNK"	4110	2574	6684	1	3927	2784	6842.0	778	1964	6758.0	141	5531	2665	2866	140	1039	596	443																								
"ME"	2012	"York"	"YOR"	"KENNEBUNKPORT"	1410	969	2379	1	1323	1073	2430.0	253	789	2403.0	137	2397	876	1521																												
"ME"	2012	"York"	"YOR"	"KITTERY"	3544	1563	5107	1	3443	1814	5377.0	949	1183	5187.0	151	4305	2253	2052	149	817	422	395																								
"ME"	2012	"York"	"YOR"	"LEBANON"	1350	1479	2829	1	1286	1522	2924.0	419	1011	2879.0	144	1650	843	807	145	1155	607	548																								
"ME"	2012	"York"	"YOR"	"LIMERICK"	812	584	1396	1	737	646	1440.0	178	473	1425.0	138	1342	0	559																												
"ME"	2012	"York"	"YOR"	"LIMINGTON"	940	841	1781	1	908	877	1851.0	182	686	1828.0	99	1739	474	1096																												
"ME"	2012	"York"	"YOR"	"LYMAN"	1253	1042	2295	1	1270	1006	2356.0	282	786	2326.0	139	1478	862	616	140	781	338	443																								
"ME"	2012	"York"	"YOR"	"NEWFIELD"	380	375	755	1	406	366	797.0	75	253	769.0	138	745	0	270																												
"ME"	2012	"York"	"YOR"	"NORTH BERWICK"	1470	1211	2681	1	1395	1288	2767.0	363	871	2724.0	146	2685	1637	868																												
"ME"	2012	"York"	"YOR"	"OGUNQUIT"	597	287	884	1	549	347	912.0	186	240	896.0	149	882	523	359																												
"ME"	2012	"York"	"YOR"	"OLD ORCHARD BEACH"	3503	1536	5039	1	3247	1804	5156.0	846	1387	5105.0	132	4877	2287	2590																												
"ME"	2012	"York"	"YOR"	"PARSONSFIELD"	506	328	834	1	471	380	871.0	118	237	849.0	97	826	495	331																												
"ME"	2012	"York"	"YOR"	"SACO"	6560	3111	9671	1	6179	3569	9947.0	1452	2757	9820.0	134	5139	3104	2035	133	4427	2692	1735																								
"ME"	2012	"York"	"YOR"	"SANFORD"	4712	4617	9329	1	5588	3701	9575.0	1528	2520	9386.0	142	4357	982	0	143	3165	1724	1441	144	1786	1022	764																				
"ME"	2012	"York"	"YOR"	"SHAPLEIGH"	678	726	1404	1	720	693	1453.0	171	463	1434.0	138	1357	0	505																												
"ME"	2012	"York"	"YOR"	"SOUTH BERWICK"	2383	1491	3874	1	2276	1626	4006.0	657	1071	3908.0	146	2452	1196	900	148	1439	975	464																								
"ME"	2012	"York"	"YOR"	"WATERBORO"	1835	1607	3442	1	1848	1581	3530.0	394	1083	3456.0	139	3464	1513	1951																												
"ME"	2012	"York"	"YOR"	"WELLS"	3422	2287	5709	1	3182	2612	5906.0	869	1778	5790.0	147	4846	1587	3259	149	821	451	370																								
"ME"	2012	"York"	"YOR"	"YORK"	5245	3032	8277	1	4888	3594	8569.0	1384	2501	8384.0	150	5091	2437	2654	149	3128	1675	1453																								
