state	year	county	precinct	g2012_AUD_dv	g2012_AUD_rv	g2012_AUD_tv	g2012_GOV_dv	g2012_GOV_rv	g2012_GOV_tv	g2012_INS_rv	g2012_INS_dv	g2012_INS_tv	g2012_TRE_rv	g2012_TRE_dv	g2012_TRE_tv	g2012_USH_rv	g2012_USH_dv	g2012_USH_tv	g2012_USS_rv	g2012_USS_dv	g2012_USS_tv	g2012_PSC_dv	g2012_PSC_rv	g2012_PSC_tv	g2012_USP_dv	g2012_USP_rv	g2012_USP_tv
"ND"	2012	"Adams"	"Adams County"	340	899	1242	349	916	1288	923	317	1243	913	303	1221	860	383	1274	806	473	1282	366	829	1244	328	918	1286
"ND"	2012	"Barnes"	"Precinct 2401-00"	142	243	385	146	243	397	249	136	386	243	139	382	210	177	396	183	211	395	197	185	390	166	222	398
"ND"	2012	"Barnes"	"Precinct 2402-00"	307	393	701	294	416	724	385	304	689	390	299	690	330	364	715	274	447	727	387	273	689	352	355	727
"ND"	2012	"Barnes"	"Precinct 2403-00"	235	256	492	225	277	518	247	242	490	255	233	489	232	262	514	193	332	526	297	169	490	277	224	523
"ND"	2012	"Barnes"	"Precinct 2404-00"	264	351	615	284	343	641	353	262	615	349	267	616	293	330	639	245	398	645	329	265	618	315	323	649
"ND"	2012	"Barnes"	"Precinct 2405-00"	290	487	778	309	486	818	483	296	780	503	269	773	417	374	809	342	481	826	395	353	780	360	436	821
"ND"	2012	"Barnes"	"Precinct 2406-00"	125	201	326	170	163	337	204	124	328	203	117	321	170	159	336	151	185	338	162	151	326	142	186	338
"ND"	2012	"Barnes"	"Precinct 2407-00"	49	108	157	49	106	158	107	49	157	110	46	156	88	67	158	83	76	159	58	91	155	52	101	158
"ND"	2012	"Barnes"	"Precinct 2408-00"	43	99	142	58	90	149	91	52	143	96	46	142	81	59	147	71	79	150	69	71	146	45	100	148
"ND"	2012	"Barnes"	"Precinct 2409-00"	84	127	211	88	144	235	134	85	219	139	68	207	116	110	230	94	142	237	109	95	210	98	126	237
"ND"	2012	"Barnes"	"Precinct 2410-00"	32	47	79	42	42	85	46	34	80	48	31	79	41	41	83	36	48	85	38	37	76	39	43	84
"ND"	2012	"Barnes"	"Precinct 2411-00"	183	376	559	225	353	589	382	186	568	376	176	552	305	267	580	276	314	591	271	284	570	213	357	588
"ND"	2012	"Barnes"	"Precinct 2412-00"	74	147	221	90	132	228	145	75	220	146	72	218	125	98	229	111	120	231	90	118	217	86	139	230
"ND"	2012	"Barnes"	"Precinct 2413-00"	117	148	265	130	145	280	154	113	268	162	103	265	125	145	277	106	174	281	149	107	268	128	140	279
"ND"	2012	"Barnes"	"Precinct 2414-00"	41	53	94	56	42	99	55	38	93	56	37	93	40	54	98	34	65	100	52	39	93	41	55	99
"ND"	2012	"Barnes"	"Precinct 2415-00"	67	157	225	74	161	241	153	71	225	155	64	221	132	103	240	130	109	240	78	135	219	80	157	243
"ND"	2012	"Benson"	"Esmond - Precinct 3"	85	102	187	116	76	193	99	88	187	109	77	186	83	103	191	83	110	193	93	87	184	81	104	192
"ND"	2012	"Benson"	"Ft Totten - Precinct 7"	414	102	517	400	93	527	91	424	517	106	407	515	78	429	527	65	484	549	414	81	516	481	67	550
"ND"	2012	"Benson"	"Knox - Precinct 1"	40	40	80	56	31	89	41	39	80	40	38	78	37	49	88	35	51	86	40	36	80	37	43	84
"ND"	2012	"Benson"	"Leeds - Precinct 2"	178	262	440	248	202	461	251	194	445	267	168	435	217	231	460	192	264	458	206	224	442	183	257	458
"ND"	2012	"Benson"	"Maddock - Precinct 4"	193	194	387	254	145	408	210	182	393	206	174	382	162	232	403	166	241	409	205	173	391	201	190	402
"ND"	2012	"Benson"	"Minnewaukan - Precinct 5"	77	75	153	95	67	165	82	70	152	82	71	153	56	94	159	51	112	163	91	55	152	92	64	162
"ND"	2012	"Benson"	"Oberon - Precinct 6"	43	73	116	55	61	119	67	47	114	75	41	116	61	53	117	54	65	119	53	62	115	54	63	119
"ND"	2012	"Benson"	"Warwick - Precinct 8"	90	80	170	95	90	189	81	92	173	84	84	169	64	115	185	63	126	189	95	72	174	106	80	190
"ND"	2012	"Billings"	"Precinct 01"	30	135	165	48	128	179	132	34	166	135	27	162	122	49	181	125	58	183	36	116	165	40	134	181
"ND"	2012	"Billings"	"Precinct 02"	56	226	282	88	191	294	233	52	285	235	41	276	209	74	292	214	77	292	54	223	285	37	253	298
"ND"	2012	"Billings"	"Precinct 03"	10	87	97	24	74	99	84	15	99	87	10	97	77	18	100	73	25	98	12	78	95	12	85	99
"ND"	2012	"Bottineau"	"Precinct 01"	221	387	611	256	373	641	399	217	618	419	198	618	321	298	633	310	329	642	263	322	609	248	387	651
"ND"	2012	"Bottineau"	"Precinct 02"	220	515	737	254	503	771	485	253	739	525	208	734	453	294	771	429	342	773	252	457	740	265	499	783
"ND"	2012	"Bottineau"	"Precinct 03"	195	430	626	227	412	653	418	199	618	431	186	618	353	281	651	352	304	660	241	351	622	219	413	659
"ND"	2012	"Bottineau"	"Precinct 04"	197	520	717	265	475	751	484	232	716	532	179	711	443	286	743	388	355	748	269	422	714	235	498	750
"ND"	2012	"Bottineau"	"Precinct 05"	192	480	673	244	449	706	479	202	681	491	177	669	425	250	701	396	306	708	211	426	668	216	483	712
"ND"	2012	"Bowman"	"Bowman City"	207	595	802	245	584	841	600	206	806	599	195	794	542	267	832	504	336	840	225	548	804	250	584	853
"ND"	2012	"Bowman"	"Bowman Four Seasons"	64	264	328	105	230	342	265	59	326	277	45	322	241	87	341	241	93	335	64	245	325	52	283	342
"ND"	2012	"Bowman"	"Rhame"	53	158	211	79	135	219	157	48	206	160	44	204	147	62	217	154	64	218	48	150	206	42	171	220
"ND"	2012	"Bowman"	"Scranton"	72	239	312	100	205	320	231	76	307	240	66	307	213	94	321	187	128	318	71	221	309	70	242	322
"ND"	2012	"Burke"	"Precinct 01"	9	53	62	22	42	64	48	14	62	53	9	62	38	20	61	38	25	63	15	45	62	14	46	62
"ND"	2012	"Burke"	"Precinct 02"	68	226	294	95	203	303	221	70	291	234	57	291	195	98	300	194	108	303	82	204	294	77	219	303
"ND"	2012	"Burke"	"Precinct 03"	65	225	291	79	217	305	220	72	293	222	65	288	215	74	302	213	92	305	63	213	293	57	240	307
"ND"	2012	"Burke"	"Precinct 04"	37	109	146	40	112	155	115	33	148	113	33	146	89	53	150	89	64	153	47	95	144	33	119	154
"ND"	2012	"Burke"	"Precinct 05"	22	95	117	28	92	120	90	27	117	94	20	114	88	28	117	81	39	120	28	86	118	23	96	121
"ND"	2012	"Burke"	"Precinct 06"	17	55	73	23	53	76	54	19	73	58	14	72	41	33	76	42	32	76	20	46	72	26	49	76
"ND"	2012	"Burleigh"	"1st Evangelical Free Church 7"	373	1097	1471	360	1167	1552	1106	376	1483	1128	331	1460	1066	439	1543	967	588	1560	399	1012	1471	385	1147	1564
"ND"	2012	"Burleigh"	"1st Evangelical Free Church 8"	187	480	668	201	494	711	516	164	681	526	142	669	453	228	709	402	293	700	187	459	674	177	515	718
"ND"	2012	"Burleigh"	"Bis Civic Center"	268	344	616	217	408	653	362	266	630	369	246	620	343	268	649	278	379	667	264	316	624	300	342	673
"ND"	2012	"Burleigh"	"Bis Civic Center (Moses)"	411	1007	1418	317	1156	1499	1072	368	1441	1041	373	1414	969	476	1484	857	624	1491	445	929	1419	440	1036	1509
"ND"	2012	"Burleigh"	"Bis Civic Center (Myhre)"	315	376	691	249	460	732	383	312	696	400	280	682	380	314	723	305	428	740	333	314	691	325	390	745
"ND"	2012	"Burleigh"	"Bis Civic Center (Riverwood)"	273	534	807	232	605	846	556	256	813	554	249	804	502	305	832	451	391	847	276	495	797	280	537	849
"ND"	2012	"Burleigh"	"Bis Civic Center (Wachter)"	481	808	1291	381	958	1359	856	434	1293	853	429	1284	786	512	1347	690	669	1371	473	740	1285	507	819	1378
"ND"	2012	"Burleigh"	"Burleigh County 4H Building 28"	153	415	570	176	414	601	413	156	570	422	139	564	402	177	594	364	235	603	170	373	565	160	431	609
"ND"	2012	"Burleigh"	"Burleigh County 4H Building 7"	189	477	667	190	500	705	524	159	684	516	149	667	473	205	702	421	279	705	186	462	673	178	513	712
"ND"	2012	"Burleigh"	"Burleigh County 4H Building 8"	288	805	1093	340	806	1161	842	278	1120	848	249	1097	788	339	1148	700	451	1158	321	728	1096	296	857	1175
"ND"	2012	"Burleigh"	"Centennial School"	472	1453	1928	460	1532	2004	1457	472	1937	1457	450	1911	1345	597	1981	1240	762	2010	555	1312	1919	559	1415	2015
"ND"	2012	"Burleigh"	"Evangel Assembly of God 7"	156	546	702	166	558	734	554	153	707	557	145	702	530	185	731	483	255	740	177	504	699	155	568	741
"ND"	2012	"Burleigh"	"Evangel Assembly of God 8"	276	882	1160	352	831	1205	899	267	1170	922	234	1158	843	329	1197	757	450	1211	285	819	1157	264	921	1220
"ND"	2012	"Burleigh"	"Gateway Mall"	590	1363	1955	533	1481	2041	1408	550	1959	1339	592	1933	1253	728	2025	1105	918	2033	668	1215	1951	688	1309	2053
"ND"	2012	"Burleigh"	"Grimsrud School"	398	785	1186	391	838	1253	769	422	1192	800	384	1185	754	458	1253	628	620	1257	452	690	1187	485	742	1280
"ND"	2012	"Burleigh"	"Highland Acres School"	297	708	1006	332	707	1055	704	294	998	689	307	996	639	381	1047	574	487	1065	380	598	998	358	676	1068
"ND"	2012	"Burleigh"	"Horizon Middle School"	865	2487	3355	804	2695	3536	2606	772	3378	2497	814	3311	2435	989	3514	2186	1354	3546	991	2288	3359	995	2513	3564
"ND"	2012	"Burleigh"	"Lincoln City Hall"	426	836	1264	388	915	1346	859	419	1280	901	352	1255	826	446	1337	719	624	1351	445	760	1274	445	855	1358
"ND"	2012	"Burleigh"	"Lord of Life Church"	618	1133	1753	569	1247	1849	1189	583	1774	1174	554	1732	1092	695	1840	943	891	1847	623	1058	1741	662	1148	1856
"ND"	2012	"Burleigh"	"Menoken School"	106	240	346	118	245	369	272	82	355	270	81	351	233	125	366	218	150	369	112	228	353	88	270	369
"ND"	2012	"Burleigh"	"ND State Capitol Building"	627	940	1571	657	969	1658	907	669	1586	933	626	1563	850	750	1653	736	916	1666	738	771	1579	777	824	1680
"ND"	2012	"Burleigh"	"Northridge School"	404	994	1400	418	1028	1466	984	427	1412	971	413	1387	867	548	1453	760	689	1456	547	815	1400	522	917	1477
"ND"	2012	"Burleigh"	"Pioneer School"	481	682	1164	415	783	1237	708	478	1187	720	444	1165	667	522	1233	580	655	1242	498	627	1178	515	680	1251
"ND"	2012	"Burleigh"	"Riverside School"	348	421	772	282	503	821	450	321	774	453	310	768	426	348	811	353	461	822	339	380	774	359	423	828
"ND"	2012	"Burleigh"	"Robert Miller School"	435	1022	1460	425	1086	1526	1048	422	1472	991	445	1438	966	518	1517	852	671	1529	475	923	1448	484	1028	1546
"ND"	2012	"Burleigh"	"Roosevelt School"	290	462	754	261	513	789	472	283	756	465	280	747	430	327	788	405	385	794	303	416	754	316	443	796
"ND"	2012	"Burleigh"	"Senior Center"	638	980	1620	597	1053	1702	999	639	1639	1028	570	1599	917	700	1684	811	877	1700	666	851	1618	683	958	1725
"ND"	2012	"Burleigh"	"Shiloh Christian School"	329	697	1028	285	771	1082	709	330	1041	727	294	1024	679	359	1077	584	502	1090	356	624	1029	368	697	1101
"ND"	2012	"Burleigh"	"Simle Middle School"	335	667	1003	315	725	1061	680	331	1012	679	324	1003	635	390	1053	553	511	1068	393	583	1011	378	666	1077
"ND"	2012	"Burleigh"	"Solheim School"	468	1241	1714	397	1363	1794	1283	446	1731	1266	431	1700	1190	532	1776	1048	733	1789	526	1120	1710	508	1245	1794
"ND"	2012	"Burleigh"	"Sterling School"	84	151	236	75	165	245	163	76	239	164	68	233	145	86	242	131	110	243	77	151	234	72	164	244
"ND"	2012	"Burleigh"	"Sunrise Elementary School"	623	1391	2018	581	1537	2161	1447	608	2059	1464	534	2001	1354	716	2128	1177	970	2160	699	1252	2034	668	1449	2174
"ND"	2012	"Burleigh"	"United Tribes Tech College"	466	1029	1499	423	1129	1580	1032	477	1516	1043	438	1488	1019	511	1568	946	644	1595	491	949	1500	533	1050	1614
"ND"	2012	"Burleigh"	"Wilton County Shop"	96	168	264	103	157	272	175	91	266	177	84	261	150	109	273	135	136	271	93	153	261	86	172	273
"ND"	2012	"Burleigh"	"Wilton County Shop (Regan)"	48	70	118	68	59	131	76	46	122	74	43	117	59	65	128	51	81	133	52	67	121	49	72	128
"ND"	2012	"Burleigh"	"Wing Fire Hall"	59	151	210	74	139	222	156	56	212	153	52	206	136	74	217	128	95	224	57	144	209	57	159	223
"ND"	2012	"Cass"	"1101 Olivet Lutheran Church"	1706	1552	3263	1315	2053	3429	1857	1410	3273	1769	1406	3182	1523	1765	3407	1338	2133	3492	1665	1426	3235	1831	1570	3507
"ND"	2012	"Cass"	"1102 Doublewood Inn"	1962	1626	3598	1581	2009	3726	1785	1791	3585	1850	1649	3504	1496	2056	3730	1321	2487	3826	1998	1376	3586	2152	1565	3844
"ND"	2012	"Cass"	"1301 Westside Elem School"	943	1304	2253	717	1578	2364	1448	815	2267	1430	799	2234	1199	1059	2341	1026	1344	2383	1028	1115	2261	1061	1270	2394
"ND"	2012	"Cass"	"1302 West Fargo City Hall"	819	862	1684	686	1016	1768	883	819	1703	946	717	1667	740	946	1764	638	1138	1785	912	666	1677	946	795	1795
"ND"	2012	"Cass"	"1303 Veterans Memorial Arena"	1177	1950	3132	992	2219	3281	1998	1160	3166	2086	1000	3090	1798	1381	3263	1624	1680	3312	1344	1678	3129	1368	1874	3313
"ND"	2012	"Cass"	"1601 Meadowridge Bible Chapel"	1259	1003	2269	1063	1159	2349	1050	1225	2278	1094	1147	2246	886	1363	2364	758	1635	2402	1309	785	2271	1386	922	2415
"ND"	2012	"Cass"	"1602 Holy Cross Church"	904	1045	1950	727	1238	2042	1103	858	1962	1131	805	1938	972	972	2045	847	1228	2084	920	894	1941	991	1039	2105
"ND"	2012	"Cass"	"1603 Scheels Arena"	593	896	1494	547	1005	1609	859	631	1496	957	532	1495	846	694	1610	752	906	1669	660	745	1497	757	875	1686
"ND"	2012	"Cass"	"2001 Northern Cass PSD"	169	220	389	163	240	408	246	145	392	248	137	385	178	215	402	146	258	407	200	181	393	190	200	403
"ND"	2012	"Cass"	"2101 Robert D Johnson Rec Ctr"	1863	1255	3127	1577	1551	3258	1386	1741	3132	1401	1662	3071	1185	1864	3252	1015	2275	3306	1866	1055	3138	1987	1191	3337
"ND"	2012	"Cass"	"2102 Fargo Civic Center"	1157	1038	2209	1043	1203	2363	1011	1179	2200	1081	1082	2175	974	1221	2355	923	1540	2481	1178	825	2210	1388	1001	2529
"ND"	2012	"Cass"	"2201 Page Senior Ctr"	73	125	198	69	130	206	129	71	200	137	60	197	104	95	205	91	116	207	84	114	203	84	119	206
"ND"	2012	"Cass"	"2202 Arthur Community Hall"	201	283	484	192	325	527	307	182	489	309	168	477	244	263	521	211	315	528	214	241	485	236	273	529
"ND"	2012	"Cass"	"2203 Buffalo Community Center"	95	168	263	89	175	272	174	91	265	182	81	264	150	121	274	107	167	276	118	139	265	107	158	276
"ND"	2012	"Cass"	"2204 Days Inn Casselton"	568	735	1304	446	922	1396	872	461	1334	862	435	1297	650	701	1386	585	817	1408	639	611	1301	638	737	1411
"ND"	2012	"Cass"	"2205 Mapleton Community Ctr"	252	399	654	223	452	694	422	244	668	426	227	656	381	295	693	336	360	701	284	344	657	296	385	705
"ND"	2012	"Cass"	"2206 Shiloh Evangelical Church"	787	1609	2399	606	1889	2558	1707	720	2432	1707	670	2382	1587	860	2539	1412	1181	2605	841	1441	2409	906	1657	2627
"ND"	2012	"Cass"	"2207 Davenport Community Ctr"	185	267	452	179	285	472	285	166	451	295	154	449	230	230	469	195	270	469	201	241	452	195	268	470
"ND"	2012	"Cass"	"2208 Horace Senior Center"	547	832	1381	464	959	1460	901	496	1397	898	475	1373	818	598	1455	704	771	1481	539	777	1384	604	848	1486
"ND"	2012	"Cass"	"2401 Tower City Community Ctr"	69	97	166	67	110	180	107	63	170	105	61	166	93	82	175	74	106	180	80	82	167	76	100	180
"ND"	2012	"Cass"	"2402 Nu Tech Offices Alice"	122	182	304	151	175	331	197	112	310	200	101	301	143	174	328	138	193	331	149	148	307	142	179	331
"ND"	2012	"Cass"	"2501 Hickson Community Center"	141	295	438	119	348	472	330	113	443	333	99	432	301	162	471	250	230	480	145	279	436	156	318	480
"ND"	2012	"Cass"	"2502 Kindred City Hall"	183	315	498	159	356	521	346	152	498	372	126	498	296	216	520	240	286	527	198	280	496	211	310	530
"ND"	2012	"Cass"	"2701 West Acres-Main Entrance"	557	568	1128	465	674	1185	612	511	1125	591	512	1107	519	575	1178	482	725	1213	550	477	1113	636	525	1221
"ND"	2012	"Cass"	"2702 Living Waters Church"	834	1316	2155	680	1543	2287	1341	826	2171	1377	763	2145	1211	976	2275	1095	1215	2323	957	1089	2157	1037	1255	2342
"ND"	2012	"Cass"	"2703 Calvary United Methodist"	1370	2223	3599	1028	2627	3796	2392	1235	3635	2382	1159	3548	2138	1505	3775	1875	1977	3876	1507	1920	3586	1589	2205	3892
"ND"	2012	"Cass"	"4101 Bethel Evangelical Church"	1716	2370	4097	1340	2828	4291	2540	1563	4112	2569	1469	4050	2207	1923	4283	2041	2315	4376	1835	2045	4076	1930	2338	4387
"ND"	2012	"Cass"	"4102 First Assembly of God"	1181	1894	3078	928	2253	3230	2027	1041	3075	1989	1030	3023	1821	1271	3204	1653	1585	3252	1174	1740	3039	1313	1883	3273
"ND"	2012	"Cass"	"4401 El Zagal Shrine"	2005	1834	3850	1743	2156	4063	1884	1983	3881	1997	1798	3807	1654	2216	4081	1487	2662	4178	2140	1457	3859	2314	1698	4210
"ND"	2012	"Cass"	"4402 Knollbrook Covenant Chrch"	1392	1855	3253	1192	2132	3408	1903	1369	3277	1959	1240	3207	1662	1607	3393	1503	1948	3466	1535	1559	3253	1669	1729	3473
"ND"	2012	"Cass"	"4501 FargoDome"	2180	2772	4966	1785	3300	5240	3003	1967	4979	2935	1936	4880	2686	2259	5233	2523	2841	5393	2152	2507	4949	2490	2801	5469
"ND"	2012	"Cass"	"4502 Harwood City Offices"	266	443	710	233	493	745	458	258	717	476	225	702	381	331	740	343	410	757	311	367	708	325	418	757
"ND"	2012	"Cass"	"4503 Argusville Fire Hall"	159	271	430	131	304	447	292	144	437	292	137	429	257	181	445	219	229	449	178	236	423	153	278	446
"ND"	2012	"Cass"	"4601 Vista Inn & Suites"	988	1138	2131	800	1367	2237	1162	987	2151	1244	862	2112	1033	1107	2243	950	1331	2296	1027	996	2139	1162	1067	2311
"ND"	2012	"Cass"	"4602 Atonement Lutheran Church"	1305	2063	3372	1084	2385	3559	2104	1288	3394	2183	1155	3341	1908	1542	3559	1772	1841	3622	1412	1787	3364	1572	1983	3639
"ND"	2012	"Cass"	"4603 Riverview Place"	731	1014	1748	558	1231	1841	1096	666	1763	1119	620	1743	990	794	1843	895	965	1867	763	906	1757	814	1021	1876
"ND"	2012	"Cavalier"	"Precinct 1"	614	1271	1890	621	1384	2050	1206	684	1895	1251	593	1848	1119	875	2040	977	1087	2071	843	995	1889	818	1195	2069
"ND"	2012	"Dickey"	"Precinct 01"	334	706	1040	289	722	1060	735	274	1010	801	220	1021	681	366	1070	689	397	1089	379	627	1042	297	761	1094
"ND"	2012	"Dickey"	"Precinct 02"	77	81	158	64	96	163	94	54	148	102	49	151	76	83	161	92	74	166	68	81	153	51	107	166
"ND"	2012	"Dickey"	"Precinct 03"	570	668	1239	399	833	1262	753	469	1222	843	376	1220	564	700	1279	618	654	1277	598	589	1219	505	742	1275
"ND"	2012	"Divide"	"Precinct 1"	163	364	527	199	330	549	339	179	518	361	158	519	309	213	542	277	271	549	213	286	517	179	351	553
"ND"	2012	"Divide"	"Precinct 2"	106	170	276	145	139	288	161	118	279	177	95	272	137	144	287	120	171	291	138	124	276	116	159	287
"ND"	2012	"Divide"	"Precinct 3"	42	128	170	56	115	174	117	52	169	118	49	167	97	72	172	94	80	174	61	98	165	46	123	173
"ND"	2012	"Divide"	"Precinct 4"	50	88	138	47	96	148	90	48	138	93	45	138	83	61	148	76	70	148	52	76	138	44	100	149
"ND"	2012	"Dunn"	"Antelope - Twin Buttes"	93	14	107	88	19	108	13	94	107	18	89	107	14	91	108	9	100	109	86	20	108	94	13	109
"ND"	2012	"Dunn"	"Collins/Halliday"	39	166	205	63	147	214	160	46	206	168	36	204	153	55	211	144	68	214	40	161	209	34	177	214
"ND"	2012	"Dunn"	"Dodge/Loring"	32	62	94	42	60	103	62	32	94	64	31	95	60	39	101	62	40	102	32	62	97	34	66	100
"ND"	2012	"Dunn"	"Dunn Center/Decorah"	56	192	248	80	169	259	195	49	245	209	40	250	193	59	253	188	72	260	51	189	246	43	217	261
"ND"	2012	"Dunn"	"Killdeer City"	74	285	359	109	256	376	271	85	356	285	78	363	264	99	377	263	124	387	93	248	359	102	280	388
"ND"	2012	"Dunn"	"Killdeer Unorganized"	26	113	139	66	80	147	103	32	135	115	23	138	112	27	143	107	39	146	31	109	141	16	131	147
"ND"	2012	"Dunn"	"Kyseth"	8	84	92	28	67	95	80	10	90	80	8	88	78	19	97	70	26	96	14	78	92	11	85	97
"ND"	2012	"Dunn"	"Manning"	68	233	301	104	207	317	235	68	303	246	55	301	231	80	315	228	91	319	68	230	305	48	269	318
"ND"	2012	"Dunn"	"New Hradec"	71	128	199	83	119	210	137	65	202	146	52	198	128	80	211	114	97	211	66	132	203	54	154	213
"ND"	2012	"Dunn"	"North Fox"	63	14	78	60	15	78	16	61	77	12	65	77	18	57	78	12	66	78	63	11	78	64	12	77
"ND"	2012	"Dunn"	"Oakdale"	16	87	103	32	76	110	89	14	103	90	10	100	82	22	105	86	23	110	12	89	103	8	102	110
"ND"	2012	"Eddy"	"Precinct 01"	239	348	587	238	350	606	362	227	589	347	224	571	307	277	604	256	343	602	270	288	582	244	341	607
"ND"	2012	"Eddy"	"Precinct 02"	77	110	187	116	85	201	117	71	188	118	64	182	94	99	197	81	117	199	95	89	188	67	124	195
"ND"	2012	"Eddy"	"Precinct 03"	103	99	202	128	75	209	97	104	201	98	99	197	75	127	207	51	157	209	129	64	196	120	83	209
"ND"	2012	"Eddy"	"Precinct 04"	52	89	141	67	76	147	82	56	138	81	53	134	71	69	143	67	76	145	67	66	138	55	86	146
"ND"	2012	"Emmons"	"Precinct 1"	105	314	420	126	295	436	336	88	424	334	87	421	302	129	438	259	171	436	113	292	422	95	316	438
"ND"	2012	"Emmons"	"Precinct 2"	108	257	365	118	256	380	273	95	368	277	81	360	248	124	381	229	153	385	112	243	369	91	286	386
"ND"	2012	"Emmons"	"Precinct 3"	105	289	395	107	285	406	299	100	400	304	83	389	274	117	401	256	138	396	112	266	394	71	320	404
"ND"	2012	"Emmons"	"Precinct 4"	108	193	301	99	210	316	209	93	302	213	77	290	191	110	313	179	139	318	110	174	301	73	234	315
"ND"	2012	"Emmons"	"Precinct 5"	73	255	328	87	246	340	259	72	331	276	48	324	245	87	337	229	108	338	71	240	324	53	279	341
"ND"	2012	"Foster"	"Precinct 01"	41	61	102	48	58	107	55	48	103	56	45	101	54	51	106	49	57	107	47	54	103	49	58	110
"ND"	2012	"Foster"	"Precinct 02"	25	34	59	28	34	62	31	28	59	29	28	57	32	30	62	26	36	62	27	31	58	29	32	62
"ND"	2012	"Foster"	"Precinct 03"	25	50	75	27	46	75	45	28	73	48	27	75	40	31	76	35	44	79	34	39	76	24	51	77
"ND"	2012	"Foster"	"Precinct 04"	90	291	382	180	229	415	292	94	387	294	80	375	261	130	407	215	189	409	131	240	390	115	290	413
"ND"	2012	"Foster"	"Precinct 05"	171	330	503	214	305	536	319	183	504	341	155	497	287	226	529	246	285	533	233	252	511	211	308	533
"ND"	2012	"Foster"	"Precinct 06"	156	292	448	202	270	482	290	164	454	302	139	441	277	186	476	239	242	481	203	240	457	179	291	487
"ND"	2012	"GoldenValley"	"Precinct #1"	167	711	880	250	659	924	687	191	879	711	152	865	672	222	921	660	265	927	205	613	857	162	742	928
"ND"	2012	"GrandForks"	"Alerus 01"	209	456	666	188	512	711	453	227	681	468	193	662	434	258	708	399	318	719	247	413	671	250	459	721
"ND"	2012	"GrandForks"	"Alerus 05"	423	792	1216	380	883	1304	776	463	1239	796	413	1209	720	525	1293	652	668	1323	516	656	1225	553	731	1328
"ND"	2012	"GrandForks"	"Alerus 24"	501	769	1273	452	860	1352	723	552	1277	763	503	1269	697	592	1352	640	741	1388	573	645	1269	613	736	1392
"ND"	2012	"GrandForks"	"Alerus 26"	601	1041	1644	549	1160	1756	979	667	1647	1046	587	1633	972	719	1752	868	924	1794	684	871	1636	795	977	1812
"ND"	2012	"GrandForks"	"Alerus 27"	696	802	1500	591	963	1598	735	771	1511	805	671	1477	698	835	1591	622	1001	1629	864	579	1495	885	707	1639
"ND"	2012	"GrandForks"	"Bible Baptist Church"	149	263	415	141	277	446	254	166	421	263	153	417	242	183	443	206	243	456	179	214	416	178	272	465
"ND"	2012	"GrandForks"	"Emerado Community Hall"	189	357	548	164	374	571	345	205	551	358	188	546	325	227	581	328	266	596	228	276	538	238	363	611
"ND"	2012	"GrandForks"	"Faith Evangelical Church 23"	155	152	309	131	176	325	131	170	302	148	157	307	125	179	321	104	226	332	176	111	310	188	132	342
"ND"	2012	"GrandForks"	"Faith Evangelical Church 25"	404	451	856	362	516	905	429	431	861	463	379	843	387	473	904	337	587	928	456	359	857	516	400	943
"ND"	2012	"GrandForks"	"Gilby Community Center"	129	255	385	148	243	409	241	150	391	260	120	380	205	175	400	178	232	411	166	196	382	157	232	411
"ND"	2012	"GrandForks"	"Holy Family"	907	1194	2105	813	1342	2217	1113	999	2117	1198	884	2085	1032	1081	2199	905	1339	2252	1101	946	2117	1121	1087	2266
"ND"	2012	"GrandForks"	"Hope Evangelical Church"	675	759	1439	571	888	1517	719	729	1452	771	656	1432	662	791	1509	580	954	1542	783	590	1441	809	703	1546
"ND"	2012	"GrandForks"	"Kelly Elementary School"	620	1002	1624	550	1166	1759	953	700	1654	1002	592	1596	937	782	1762	847	959	1810	736	856	1641	799	974	1812
"ND"	2012	"GrandForks"	"Lake Agassiz School"	678	693	1374	600	788	1470	649	716	1373	717	650	1373	675	670	1484	663	897	1568	686	564	1376	836	683	1609
"ND"	2012	"GrandForks"	"Larimore Senior Citizens Cente"	311	776	1087	312	731	1150	732	366	1100	769	305	1074	682	422	1144	608	543	1156	391	629	1078	422	707	1159
"ND"	2012	"GrandForks"	"Manvel Public School"	188	283	471	176	296	486	236	233	469	281	183	464	252	221	486	211	283	494	219	227	467	205	275	495
"ND"	2012	"GrandForks"	"Northwood Community Center"	176	475	651	182	470	680	446	204	650	469	172	641	414	243	671	385	302	687	239	392	651	224	447	686
"ND"	2012	"GrandForks"	"Public Works"	432	550	985	387	602	1039	495	482	980	546	430	979	491	507	1038	427	636	1066	498	427	979	540	495	1074
"ND"	2012	"GrandForks"	"Schroeder Middle School"	516	1088	1607	423	1255	1717	1033	589	1623	1090	492	1585	994	673	1703	891	841	1733	668	902	1606	670	1054	1747
"ND"	2012	"GrandForks"	"St. Paul's Episcopal Church 10"	675	572	1248	610	642	1312	518	737	1257	587	656	1244	485	764	1308	440	898	1345	742	445	1258	813	492	1349
"ND"	2012	"GrandForks"	"St. Paul's Episcopal Church 11"	114	74	188	109	87	203	71	118	189	79	104	183	61	134	205	57	151	208	119	57	187	139	67	212
"ND"	2012	"GrandForks"	"Thompson Community Center"	484	876	1362	451	944	1433	859	509	1370	895	453	1352	803	597	1422	693	755	1449	618	698	1362	545	867	1447
"ND"	2012	"GrandForks"	"UND Wellness Center 21"	463	714	1188	406	763	1280	675	500	1188	743	436	1188	715	469	1298	748	648	1405	466	604	1191	655	735	1469
"ND"	2012	"GrandForks"	"UND Wellness Center 22"	541	638	1183	487	711	1258	586	594	1182	620	536	1159	602	595	1273	564	752	1323	602	512	1193	675	609	1343
"ND"	2012	"GrandForks"	"Wilder School"	375	387	764	317	452	809	331	432	764	389	369	759	340	415	805	321	523	846	426	295	759	462	349	850
"ND"	2012	"GrandForks"	"Winship Elementary School 07"	247	224	474	222	256	494	203	270	474	209	252	462	190	278	492	167	338	507	280	166	472	284	216	513
"ND"	2012	"GrandForks"	"Winship Elementary School 09"	380	316	698	323	392	757	271	440	711	331	362	694	296	398	754	260	517	783	404	244	710	460	291	788
"ND"	2012	"Grant"	"Carson"	112	326	438	169	288	464	344	95	440	329	107	436	296	156	463	278	174	454	118	307	446	110	331	459
"ND"	2012	"Grant"	"Elgin"	157	429	587	189	400	602	431	161	592	449	127	576	394	186	597	367	231	601	161	406	591	141	441	603
"ND"	2012	"Grant"	"New Leipzig"	66	162	228	70	159	233	174	53	228	166	57	224	158	63	231	137	91	229	67	149	227	52	173	229
"ND"	2012	"Grant"	"Raleigh"	33	82	115	45	77	124	79	39	118	93	24	117	74	45	121	71	46	118	41	74	118	31	80	122
"ND"	2012	"Griggs"	"Precinct 01"	101	159	260	142	125	274	162	100	262	173	82	255	130	135	274	125	148	273	123	122	259	105	161	277
"ND"	2012	"Griggs"	"Precinct 02"	116	181	297	126	180	312	181	120	301	182	103	285	164	135	306	146	161	307	138	151	294	142	165	309
"ND"	2012	"Griggs"	"Precinct 03"	80	137	218	87	145	234	149	71	221	140	73	214	121	103	230	100	132	232	100	113	217	97	130	237
"ND"	2012	"Griggs"	"Precinct 04"	48	175	223	64	174	242	174	52	226	179	42	221	155	81	242	141	105	246	65	151	223	66	180	247
"ND"	2012	"Griggs"	"Precinct 05"	129	130	259	130	142	273	139	123	263	140	117	257	123	146	270	116	158	274	144	107	259	126	135	273
"ND"	2012	"Hettinger"	"Indian Creek #4"	33	112	146	45	104	149	112	36	148	119	25	144	105	41	148	111	39	150	43	98	146	26	123	151
"ND"	2012	"Hettinger"	"Mott #1"	168	422	594	176	436	624	431	166	603	449	135	588	407	182	616	381	236	620	171	401	601	141	454	620
"ND"	2012	"Hettinger"	"New England #3"	132	325	457	165	290	473	337	122	459	327	126	453	292	161	473	274	197	472	136	288	457	118	334	474
"ND"	2012	"Hettinger"	"Regent #2"	25	87	112	30	83	117	86	25	111	86	23	109	81	32	116	77	39	116	30	78	113	28	89	117
"ND"	2012	"Kidder"	"Dawson"	15	112	127	23	103	130	109	17	126	113	14	127	98	25	130	91	39	130	20	99	129	18	103	134
"ND"	2012	"Kidder"	"Pettibone"	35	43	78	47	31	79	47	32	79	45	32	77	34	44	79	26	54	80	40	35	78	30	45	78
"ND"	2012	"Kidder"	"Robinson"	46	38	84	44	45	90	53	35	88	46	37	83	36	50	87	26	63	90	41	42	88	38	46	85
"ND"	2012	"Kidder"	"Steele"	184	409	594	232	372	616	415	177	593	419	168	587	370	227	609	322	286	612	227	351	590	197	394	613
"ND"	2012	"Kidder"	"Tappen"	67	193	260	97	170	274	217	53	270	216	46	262	177	89	276	181	94	276	65	180	263	55	211	279
"ND"	2012	"Kidder"	"Tuttle"	61	73	135	68	67	141	85	54	139	75	59	134	63	71	139	60	77	139	65	64	135	55	71	139
"ND"	2012	"LaMoure"	"Precinct 1"	187	250	437	196	246	452	266	168	434	272	156	428	215	233	452	203	251	455	220	207	438	186	244	450
"ND"	2012	"LaMoure"	"Precinct 2"	332	440	773	305	480	801	508	263	771	525	235	761	402	380	806	387	415	806	325	419	770	281	500	808
"ND"	2012	"LaMoure"	"Precinct 3"	48	155	203	42	162	209	160	44	204	151	51	202	152	54	209	140	67	209	53	145	205	42	162	210
"ND"	2012	"LaMoure"	"Precinct 4"	252	460	712	234	476	724	493	217	710	514	190	704	412	302	730	395	332	733	269	414	713	231	471	726
"ND"	2012	"Logan"	"Precinct 01- American Legion"	67	187	254	106	178	285	201	69	270	205	56	261	192	86	280	168	106	274	72	183	265	44	229	281
"ND"	2012	"Logan"	"Precinct 02-American Legion"	95	282	378	89	321	417	292	104	397	302	74	376	283	118	412	226	180	409	114	251	375	91	310	414
"ND"	2012	"Logan"	"Precinct 03 - Gackle School"	80	157	238	86	161	248	175	67	242	172	64	236	142	92	238	138	107	245	72	159	239	74	165	245
"ND"	2012	"Logan"	"Precinct 04 -Lehr Com Cent."	14	50	64	23	46	69	50	13	63	56	9	65	48	20	69	45	23	68	12	49	65	14	53	68
"ND"	2012	"Logan"	"Precinct 05 - Fredonia Mini Ml"	19	46	65	29	36	66	40	25	65	48	17	65	41	24	67	33	30	66	31	34	65	9	53	65
"ND"	2012	"McHenry"	"Precinct 16"	35	153	188	65	123	189	157	29	186	152	36	188	122	59	190	129	58	187	44	139	188	39	139	186
"ND"	2012	"McHenry"	"Precinct 18"	235	330	565	393	202	604	349	222	571	368	189	557	294	279	593	270	311	583	238	307	568	186	378	583
"ND"	2012	"McHenry"	"Precinct 27"	61	112	173	104	74	182	101	71	172	111	61	172	91	89	182	79	102	181	74	94	174	64	112	182
"ND"	2012	"McHenry"	"Precinct 41"	90	183	274	133	144	283	183	92	275	191	84	275	154	107	278	153	124	280	96	163	272	82	185	281
"ND"	2012	"McHenry"	"Precinct 47"	319	521	840	417	451	873	528	316	844	554	280	834	433	411	865	411	454	867	391	428	845	342	505	871
"ND"	2012	"McHenry"	"Precinct 55"	110	124	234	147	90	242	120	116	236	128	103	231	88	147	239	96	145	241	124	103	234	107	121	237
"ND"	2012	"McHenry"	"Precinct 58"	44	129	173	96	88	185	117	57	175	127	42	169	111	62	178	110	72	182	53	113	174	55	123	182
"ND"	2012	"McHenry"	"Precinct 62"	58	121	179	104	85	190	124	57	181	128	53	181	105	78	187	91	93	186	70	105	179	68	115	190
"ND"	2012	"McIntosh"	"Precinct 1-City of Ashley"	116	307	425	98	325	437	316	106	423	326	96	422	281	148	436	240	189	431	138	280	424	134	289	436
"ND"	2012	"McIntosh"	"Precinct 2-Rural Ashley"	70	138	208	84	133	221	140	70	210	152	54	206	133	80	220	118	100	218	78	126	216	70	142	218
"ND"	2012	"McIntosh"	"Precinct 3-Lehr/Rural Lehr"	32	39	71	35	35	73	38	32	70	41	27	68	34	37	75	31	42	73	29	37	68	26	38	68
"ND"	2012	"McIntosh"	"Precinct 4-City of Wishek"	128	358	486	117	376	500	378	111	490	390	95	485	345	143	496	279	214	497	139	333	481	155	337	501
"ND"	2012	"McIntosh"	"Precinct 5-Rural Wishek"	42	111	153	47	105	154	114	37	151	121	31	152	106	46	155	100	53	157	41	105	151	35	114	153
"ND"	2012	"McIntosh"	"Precinct 6-Zeeland/Rural"	41	110	151	43	105	153	110	42	152	116	32	148	109	42	154	104	50	154	38	109	151	39	115	154
"ND"	2012	"McKenzie"	"04-01 Four Bears"	189	20	209	181	25	209	19	187	207	24	181	205	17	189	209	12	198	210	185	17	209	191	18	211
"ND"	2012	"McKenzie"	"04-02 Mandaree"	207	35	242	195	32	243	31	209	240	35	205	240	24	208	245	14	239	253	201	27	239	232	24	256
"ND"	2012	"McKenzie"	"39-03 Yellowstone"	28	126	154	26	135	165	120	36	156	126	23	149	117	41	163	106	61	167	31	115	153	31	135	169
"ND"	2012	"McKenzie"	"39-04 Sioux"	15	79	94	17	80	99	79	16	95	79	16	95	82	18	101	77	21	98	18	75	94	20	81	102
"ND"	2012	"McKenzie"	"39-05 Alexander"	43	245	288	73	216	300	229	54	283	245	40	285	226	60	298	227	75	303	69	207	291	43	255	306
"ND"	2012	"McKenzie"	"39-06 Arnegard"	15	160	175	38	142	183	148	22	172	152	22	174	137	36	183	145	38	183	29	140	174	22	151	182
"ND"	2012	"McKenzie"	"39-07 Bennie Pierre"	8	74	82	12	69	82	71	7	78	72	5	77	68	8	81	67	14	81	7	67	78	5	77	83
"ND"	2012	"McKenzie"	"39-08 Rhoades"	13	142	156	30	118	163	132	19	153	139	13	153	140	19	161	137	25	163	16	133	153	11	150	163
"ND"	2012	"McKenzie"	"39-09 Ideal"	42	266	308	75	236	313	255	49	304	255	44	299	239	67	311	243	73	316	54	240	299	51	271	324
"ND"	2012	"McKenzie"	"39-10 Schafer"	69	436	506	152	368	533	425	82	508	436	67	503	409	99	526	408	125	535	87	396	504	72	460	541
"ND"	2012	"McKenzie"	"39-11 Watford City"	138	679	819	182	644	850	653	159	813	665	147	812	624	197	849	603	258	862	174	582	803	190	660	873
"ND"	2012	"McKenzie"	"39-12 Blue Buttes"	56	173	229	126	109	239	167	59	226	171	56	227	148	76	235	138	102	241	68	143	223	59	176	241
"ND"	2012	"McLean"	"LEGISLATIVE 4-McLEAN LESS 0402"	203	382	585	239	365	613	391	204	595	403	182	585	337	257	609	330	273	604	220	350	589	187	410	610
"ND"	2012	"McLean"	"LEGISLATIVE 8-McLEAN COUNTY"	1361	2563	3927	1490	2534	4113	2690	1256	3952	2743	1158	3906	2410	1555	4088	2201	1894	4106	1403	2400	3953	1293	2715	4120
"ND"	2012	"McLean"	"WHITE SHIELD/ZIEGLER RURAL"	170	28	201	163	34	205	22	177	201	35	163	199	25	174	203	13	190	205	178	15	202	190	16	208
"ND"	2012	"Mercer"	"Precinct 0401"	3	4	7	1	6	7	6	1	7	5	2	7	5	2	7	4	3	7	1	6	7	3	4	7
"ND"	2012	"Mercer"	"Precinct 3301"	168	138	306	149	158	312	157	148	306	161	146	307	129	172	311	115	194	309	152	145	310	151	141	304
"ND"	2012	"Mercer"	"Precinct 3303"	113	202	315	136	190	329	213	102	315	206	106	312	201	116	327	181	144	326	100	227	331	90	229	329
"ND"	2012	"Mercer"	"Precinct 3313"	97	233	330	97	239	340	243	84	328	241	80	321	219	115	338	196	140	338	64	262	334	71	252	336
"ND"	2012	"Mercer"	"Precinct 3314"	64	155	219	69	154	227	161	62	223	165	56	221	150	68	223	141	85	226	58	161	226	51	166	226
"ND"	2012	"Mercer"	"Precinct 3316"	73	125	199	77	123	207	125	73	199	127	72	200	106	93	206	105	97	207	70	128	205	69	130	207
"ND"	2012	"Mercer"	"Precinct 3320"	39	173	212	69	152	221	179	37	216	181	32	213	165	53	219	165	56	223	38	185	224	29	186	221
"ND"	2012	"Mercer"	"Precinct 3321"	94	351	445	93	355	456	362	80	442	351	91	442	338	104	455	316	137	455	72	370	449	87	360	459
"ND"	2012	"Mercer"	"Precinct 3322"	81	282	363	86	293	385	288	79	367	292	69	361	273	93	379	245	141	387	74	294	379	64	308	386
"ND"	2012	"Mercer"	"Precinct 3323"	118	285	404	110	306	423	303	99	402	315	83	398	279	123	418	272	149	421	93	315	418	95	316	419
"ND"	2012	"Mercer"	"Precinct 3324"	56	189	248	52	203	259	182	57	243	199	43	245	181	64	257	169	83	254	49	195	255	41	202	256
"ND"	2012	"Mercer"	"Precinct 3381"	104	267	371	111	261	379	262	108	370	271	93	364	235	132	375	213	169	382	105	263	376	112	259	383
"ND"	2012	"Mercer"	"Precinct 3382"	154	350	506	158	362	525	358	148	507	349	152	503	316	190	519	300	223	525	134	372	518	163	352	530
"ND"	2012	"Mercer"	"Precinct 3383"	148	230	378	139	245	391	231	147	379	238	141	379	227	154	391	205	186	392	126	251	386	140	247	392
"ND"	2012	"Morton"	"Precinct 01"	477	790	1270	394	904	1330	821	461	1285	836	435	1276	783	493	1315	672	650	1338	475	746	1272	464	827	1340
"ND"	2012	"Morton"	"Precinct 02"	387	998	1387	336	1105	1456	1025	370	1398	1015	366	1383	988	419	1443	893	559	1459	380	957	1383	408	1012	1458
"ND"	2012	"Morton"	"Precinct 03"	419	484	905	377	557	961	477	433	911	495	417	913	458	437	949	410	547	961	415	424	898	438	493	971
"ND"	2012	"Morton"	"Precinct 04"	288	541	831	264	593	875	552	300	854	541	295	838	506	340	868	429	451	883	313	493	840	304	550	883
"ND"	2012	"Morton"	"Precinct 05"	267	336	604	237	383	639	342	278	621	352	253	607	313	291	627	268	362	635	265	308	607	295	325	640
"ND"	2012	"Morton"	"Precinct 06"	405	591	998	345	668	1032	620	368	993	593	403	998	561	427	1021	502	525	1034	406	532	994	383	606	1041
"ND"	2012	"Morton"	"Precinct 07"	245	331	577	225	356	599	332	251	583	346	231	577	300	268	600	257	346	605	250	283	568	257	331	610
"ND"	2012	"Morton"	"Precinct 08"	265	295	560	212	344	580	304	261	565	326	228	555	287	268	578	226	346	578	255	273	551	252	298	574
"ND"	2012	"Morton"	"Precinct 17"	439	870	1312	417	939	1390	929	396	1328	910	400	1314	850	475	1375	748	635	1387	420	831	1311	437	914	1397
"ND"	2012	"Morton"	"Precinct 18"	217	359	578	194	401	608	374	213	589	378	200	581	370	217	601	315	282	604	201	355	587	202	392	612
"ND"	2012	"Morton"	"Precinct 20"	79	143	222	84	153	241	157	69	226	158	68	226	152	82	241	128	108	238	77	137	223	69	164	239
"ND"	2012	"Morton"	"Precinct 23"	87	140	227	101	140	242	159	75	234	171	61	232	135	97	239	121	116	243	73	147	231	66	172	241
"ND"	2012	"Morton"	"Precinct 24"	151	403	555	201	378	586	390	171	561	407	150	557	378	190	580	347	228	581	163	385	562	149	423	586
"ND"	2012	"Morton"	"Precinct 32"	334	787	1125	397	760	1180	791	346	1138	804	321	1126	748	395	1171	667	512	1184	348	746	1135	328	812	1183
"ND"	2012	"Morton"	"Precinct 33"	205	534	739	225	540	778	534	207	741	551	178	730	505	259	776	424	341	770	201	537	749	212	538	773
"ND"	2012	"Morton"	"Precinct 34"	30	110	140	48	104	156	107	34	141	107	31	138	101	48	155	98	55	154	32	107	148	39	109	158
"ND"	2012	"Morton"	"Precinct 36"	97	368	465	105	375	489	370	96	467	379	84	463	359	118	489	337	155	493	102	356	474	98	392	498
"ND"	2012	"Morton"	"Precinct 38"	64	322	386	88	305	406	307	80	387	325	58	383	307	81	402	293	107	403	78	288	393	68	322	409
"ND"	2012	"Mountrail"	"Precinct 01"	166	544	711	194	533	749	529	184	713	554	151	707	500	218	737	499	247	747	217	456	706	169	569	756
"ND"	2012	"Mountrail"	"Precinct 02"	495	164	659	482	179	678	162	496	660	177	485	663	157	498	677	149	535	686	499	138	664	509	166	688
"ND"	2012	"Mountrail"	"Precinct 03"	242	193	435	262	180	450	179	258	437	195	243	438	149	288	450	145	307	454	267	156	435	258	180	455
"ND"	2012	"Mountrail"	"Precinct 04"	63	115	178	91	90	187	110	67	177	127	50	177	101	79	186	101	86	187	74	99	180	67	114	188
"ND"	2012	"Mountrail"	"Precinct 05"	39	183	222	87	152	246	179	50	229	171	49	220	154	82	241	158	84	242	61	155	225	42	198	247
"ND"	2012	"Mountrail"	"Precinct 06"	25	113	139	46	82	144	110	24	135	112	24	137	93	40	146	102	42	146	37	84	137	24	115	150
"ND"	2012	"Mountrail"	"Precinct 07"	65	288	354	107	256	372	285	79	365	287	66	353	262	99	371	269	100	370	88	259	358	64	305	374
"ND"	2012	"Mountrail"	"Precinct 08"	174	201	375	215	160	388	194	186	380	205	166	371	171	204	385	167	219	387	177	176	373	173	210	389
"ND"	2012	"Mountrail"	"Precinct 09"	83	105	190	95	107	207	121	71	193	123	69	193	93	97	204	83	125	208	86	91	192	97	105	210
"ND"	2012	"Nelson"	"Precinct 1 Nelson County"	683	914	1597	733	906	1676	941	656	1600	1011	570	1583	782	848	1670	670	993	1669	768	760	1590	767	865	1678
"ND"	2012	"Oliver"	"Precinct 01-SouthEast Oliver"	63	134	197	66	132	203	149	46	195	137	57	194	117	75	202	110	92	203	53	141	200	57	138	199
"ND"	2012	"Oliver"	"Precinct 02-Center /West Side"	50	80	131	51	80	134	85	46	131	82	46	128	75	52	134	64	68	132	47	81	132	43	86	135
"ND"	2012	"Oliver"	"Precinct 03-Hensler"	25	74	100	35	65	101	77	22	100	74	24	99	62	37	101	53	46	100	26	72	100	32	64	98
"ND"	2012	"Oliver"	"Precinct 04-Fort Clark"	18	51	69	17	53	70	54	14	68	52	17	69	50	18	69	42	25	68	15	54	69	17	51	69
"ND"	2012	"Oliver"	"Precinct 05-Far West Oliver"	30	98	128	47	83	131	103	25	128	95	30	125	87	40	132	90	40	131	28	101	131	26	103	133
"ND"	2012	"Oliver"	"Precinct 06-Hannover"	53	134	187	63	124	193	139	47	186	142	43	185	132	54	191	113	75	189	38	144	189	48	131	192
"ND"	2012	"Oliver"	"Precinct 07-Center/ East Side"	59	119	178	63	121	187	121	62	183	125	54	179	106	73	187	83	100	183	68	110	185	58	120	187
"ND"	2012	"Pembina"	"Precinct 10-01"	203	359	563	173	413	593	377	189	566	379	179	558	355	226	594	328	271	600	229	321	563	208	378	600
"ND"	2012	"Pembina"	"Precinct 10-02"	190	354	546	182	388	594	329	223	554	343	192	536	312	265	594	279	322	603	235	284	549	231	345	602
"ND"	2012	"Pembina"	"Precinct 10-03"	226	438	664	217	464	696	421	241	662	419	232	651	341	336	699	323	377	700	250	373	658	272	401	699
"ND"	2012	"Pembina"	"Precinct 10-04"	178	498	677	185	520	715	458	212	671	473	199	673	413	285	708	369	348	720	244	406	675	248	453	718
"ND"	2012	"Pembina"	"Precinct 10-05"	90	160	252	77	182	263	161	88	249	171	79	250	144	110	259	139	120	260	91	156	254	104	150	261
"ND"	2012	"Pembina"	"Precinct 10-06"	176	180	358	169	198	375	161	195	358	177	180	359	146	212	369	141	234	376	203	137	360	190	172	375
"ND"	2012	"Pierce"	"Precinct 01"	23	89	112	55	66	121	90	22	112	90	20	110	79	39	120	72	45	118	27	81	113	23	95	121
"ND"	2012	"Pierce"	"Precinct 02"	64	99	163	81	86	170	109	56	165	104	56	160	94	70	167	92	76	168	73	88	164	57	109	168
"ND"	2012	"Pierce"	"Precinct 03"	83	184	268	156	132	292	186	88	276	200	66	267	171	111	289	156	134	292	94	170	277	72	205	291
"ND"	2012	"Pierce"	"Precinct 04- 1ST WARD 1ST"	71	139	210	121	104	228	141	72	213	146	62	208	126	92	225	105	120	228	79	127	213	83	139	229
"ND"	2012	"Pierce"	"Precinct 05- 1ST WARD 2ND"	28	54	82	50	39	89	54	30	84	54	27	81	44	43	88	40	47	87	40	42	83	26	54	85
"ND"	2012	"Pierce"	"Precinct 06 -2ND WARD"	122	279	401	245	185	436	271	133	404	289	112	401	244	176	429	214	220	436	144	248	404	135	301	440
"ND"	2012	"Pierce"	"Precinct 07-3RD WARD"	97	207	305	160	160	326	210	98	308	218	86	304	190	126	323	173	149	323	107	193	309	99	217	323
"ND"	2012	"Pierce"	"Precinct 08 - 4TH WARD"	151	346	497	244	282	530	340	163	503	350	150	500	308	210	527	284	236	523	190	300	502	165	345	521
"ND"	2012	"Ramsey"	"Precinct 01"	1131	1520	2656	1227	1488	2777	1484	1168	2656	1560	1048	2612	1252	1381	2749	1129	1655	2795	1361	1166	2659	1351	1338	2792
"ND"	2012	"Ramsey"	"Precinct 02"	220	408	629	242	407	658	397	235	634	415	207	624	355	276	653	335	325	661	260	354	632	222	416	658
"ND"	2012	"Ramsey"	"Precinct 03"	403	615	1019	469	569	1066	626	396	1024	654	344	1000	546	468	1047	515	551	1071	454	529	1018	413	617	1064
"ND"	2012	"Ramsey"	"Precinct 04"	157	288	445	191	268	475	295	157	452	295	148	443	257	207	482	250	235	486	184	247	449	178	294	485
"ND"	2012	"Ransom"	"Precinct 1"	231	152	383	226	154	388	155	223	378	153	224	377	124	258	387	107	283	393	247	124	377	252	131	389
"ND"	2012	"Ransom"	"Precinct 2"	288	255	543	318	232	559	288	247	536	294	242	536	186	359	559	184	380	564	309	203	539	294	247	560
"ND"	2012	"Ransom"	"Precinct 3"	528	384	913	456	467	946	441	462	903	463	437	900	291	631	950	294	652	948	531	319	895	535	381	950
"ND"	2012	"Ransom"	"Precinct 4"	249	239	488	276	229	516	272	213	485	294	189	483	163	354	526	170	354	524	268	190	481	262	250	526
"ND"	2012	"Renville"	"GLENBURN"	75	190	265	90	179	276	187	81	268	199	66	265	162	100	274	159	114	274	86	163	267	76	191	280
"ND"	2012	"Renville"	"MOHALL"	172	359	531	202	348	556	361	178	539	356	176	532	320	220	551	294	255	552	202	317	534	183	374	563
"ND"	2012	"Renville"	"SHERWOOD"	65	153	218	87	139	232	152	65	217	157	56	213	131	98	233	125	107	233	82	131	221	65	162	233
"ND"	2012	"Renville"	"TOLLEY"	44	73	118	47	70	124	76	41	117	78	39	117	59	59	123	56	63	119	50	62	117	42	76	121
"ND"	2012	"Renville"	"WHITE ASH"	34	47	81	43	35	82	49	32	81	46	33	79	37	38	82	42	41	83	34	39	81	32	48	81
"ND"	2012	"Richland"	"ABERCROMBIE"	95	183	278	64	223	289	205	76	281	214	65	279	168	117	289	143	146	289	109	166	279	98	188	288
"ND"	2012	"Richland"	"BARRIE-HELENDALE"	46	102	148	69	94	164	114	35	149	113	35	148	91	67	163	84	77	163	49	95	151	39	120	165
"ND"	2012	"Richland"	"BRIGHTWOOD-ELMA-BELFORD"	91	120	212	92	131	228	134	81	215	145	61	206	96	131	232	83	149	232	101	102	211	95	129	231
"ND"	2012	"Richland"	"CHRISTINE"	74	120	194	61	129	199	122	70	192	130	64	194	103	85	200	93	104	201	76	105	195	74	117	200
"ND"	2012	"Richland"	"COLFAX"	134	196	331	120	221	349	220	119	339	230	102	332	171	172	347	163	183	348	137	182	332	134	210	349
"ND"	2012	"Richland"	"FAIRMOUNT"	133	129	263	108	156	277	134	126	260	149	112	261	122	152	277	97	185	286	139	111	263	139	141	285
"ND"	2012	"Richland"	"HANKINSON"	249	289	539	203	360	578	332	210	544	341	189	531	261	303	575	233	352	588	240	273	538	255	320	587
"ND"	2012	"Richland"	"LIDGERWOOD"	230	251	481	203	297	515	270	212	482	298	175	474	223	290	518	216	302	521	225	226	471	206	302	518
"ND"	2012	"Richland"	"MOORETON"	112	108	220	97	132	234	126	92	218	124	94	218	93	136	233	71	165	237	121	96	221	113	114	234
"ND"	2012	"Richland"	"WAHPETON CITY HALL"	298	498	798	243	554	828	512	287	801	542	249	793	451	353	833	387	460	848	350	413	798	332	499	847
"ND"	2012	"Richland"	"WAHPETON COMM CENTER"	400	447	848	300	561	889	500	349	851	516	327	844	391	472	892	344	553	903	440	385	847	409	468	904
"ND"	2012	"Richland"	"WAHPETON MIDDLE SCHOOL"	354	521	876	250	638	917	572	309	881	567	304	871	463	437	918	411	515	927	398	447	872	389	515	927
"ND"	2012	"Richland"	"WAHPETON RICHLAND LEC"	406	628	1035	355	691	1080	622	399	1022	696	329	1026	518	522	1074	441	651	1094	463	510	1021	477	591	1099
"ND"	2012	"Richland"	"WALCOTT"	110	181	291	107	186	299	188	103	291	210	78	288	153	135	297	150	150	300	117	160	291	113	183	302
"ND"	2012	"Richland"	"WYNDMERE"	340	309	649	317	340	674	343	316	659	377	263	640	257	410	678	219	453	676	352	282	649	325	332	677
"ND"	2012	"Rolette"	"Dunseith #4"	715	214	930	751	194	975	193	738	931	228	677	907	184	741	960	158	831	990	730	168	930	774	185	979
"ND"	2012	"Rolette"	"Rolette #5"	264	292	556	324	244	581	291	269	561	299	249	548	250	312	578	219	364	584	296	238	558	268	292	583
"ND"	2012	"Rolette"	"Rolla #1"	259	349	608	263	351	631	331	270	601	350	248	598	289	315	621	256	374	632	303	269	593	299	318	633
"ND"	2012	"Rolette"	"St John #2"	242	165	407	245	170	420	143	262	406	159	239	398	144	263	416	129	290	420	256	134	404	257	150	423
"ND"	2012	"Rolette"	"Turtle Mtn Reservation #3"	1647	208	1857	1570	260	1887	154	1694	1849	220	1595	1815	206	1613	1869	140	1803	1947	1638	153	1850	1755	147	1934
"ND"	2012	"Sargent"	"Cogswell #3"	127	108	235	112	123	241	120	113	233	122	107	229	78	158	242	88	149	241	138	88	236	122	107	237
"ND"	2012	"Sargent"	"Forman-Havana #4"	311	222	533	272	276	554	239	289	528	255	273	528	177	379	561	182	379	561	338	180	530	326	226	560
"ND"	2012	"Sargent"	"Gwinner #2"	215	203	418	180	242	433	239	170	409	240	167	407	144	277	433	157	275	432	219	175	413	211	205	435
"ND"	2012	"Sargent"	"Milnor #1"	277	222	499	248	255	512	262	231	493	278	217	495	177	333	517	183	323	512	255	221	492	269	237	515
"ND"	2012	"Sargent"	"Rutland-Cayuga #5"	158	97	255	146	111	264	116	136	253	119	127	247	66	198	266	69	195	266	161	84	254	147	104	260
"ND"	2012	"Sheridan"	"Precinct 01"	172	625	799	306	512	830	622	184	807	650	142	794	573	236	827	521	299	824	212	555	801	163	642	822
"ND"	2012	"Sioux"	"Cannonball"	145	49	194	143	42	196	40	153	194	52	139	191	45	150	200	24	185	209	147	41	193	176	30	207
"ND"	2012	"Sioux"	"FY East"	235	60	296	233	59	301	57	239	296	59	235	294	44	245	302	31	275	307	229	45	293	272	29	304
"ND"	2012	"Sioux"	"FY West"	244	22	266	222	43	266	25	238	263	35	227	263	25	240	268	10	263	273	230	24	261	257	13	270
"ND"	2012	"Sioux"	"Porcupine"	58	16	76	54	21	77	19	53	73	19	53	74	19	57	77	10	68	78	58	16	76	67	11	79
"ND"	2012	"Sioux"	"Selfridge"	105	110	215	121	100	224	99	111	210	123	86	209	85	127	217	90	135	226	98	103	212	102	114	223
"ND"	2012	"Sioux"	"Solen"	25	28	56	25	27	56	27	25	55	29	22	54	24	30	57	20	37	60	25	24	55	26	28	61
"ND"	2012	"Slope"	"Amidon Courthouse"	33	123	156	56	104	164	114	40	154	117	38	155	98	61	162	94	70	164	43	111	157	31	122	159
"ND"	2012	"Slope"	"Marmarth Community Center"	28	107	136	44	95	141	100	31	132	103	28	132	97	35	141	105	36	142	30	101	134	27	108	141
"ND"	2012	"Slope"	"Pierce Church"	24	113	137	36	102	138	109	27	136	110	24	134	105	31	139	95	43	139	29	107	136	25	111	137
"ND"	2012	"Stark"	"Armory"	1600	4537	6144	1693	4578	6413	4483	1625	6116	4564	1527	6097	4285	1880	6378	4045	2402	6464	1809	4043	6110	1714	4626	6509
"ND"	2012	"Stark"	"BAC"	390	1112	1506	390	1133	1583	1092	416	1511	1171	328	1501	1063	448	1580	1014	591	1611	425	984	1514	410	1179	1645
"ND"	2012	"Stark"	"Belfield"	95	469	564	112	457	591	459	113	572	474	86	560	452	116	593	458	138	597	112	426	567	88	506	605
"ND"	2012	"Stark"	"Gladstone"	73	159	233	77	161	243	162	71	233	176	51	227	157	78	245	143	98	242	67	157	235	59	178	246
"ND"	2012	"Stark"	"Range 95/96"	242	915	1160	288	918	1228	919	237	1157	965	185	1151	905	295	1222	871	363	1238	241	878	1157	234	987	1242
"ND"	2012	"Stark"	"Richardton"	143	355	500	153	353	525	362	140	503	391	108	500	344	164	521	326	205	531	138	338	501	120	395	534
"ND"	2012	"Stark"	"South Heart"	162	429	591	216	390	621	427	167	594	444	144	588	385	203	608	379	240	620	167	403	592	153	454	619
"ND"	2012	"Stark"	"Taylor"	40	178	218	75	152	233	183	42	225	182	36	218	174	50	232	157	73	232	47	162	219	34	196	233
"ND"	2012	"Steele"	"Precinct 1"	86	110	197	79	117	205	119	76	196	116	75	192	109	86	202	88	114	203	95	91	196	90	104	202
"ND"	2012	"Steele"	"Precinct 2"	117	123	240	118	128	249	137	105	242	138	99	237	110	136	248	98	149	247	138	100	244	131	116	249
"ND"	2012	"Steele"	"Precinct 3"	77	121	198	85	116	207	114	88	202	132	68	200	99	106	209	75	133	208	104	90	197	100	99	208
"ND"	2012	"Steele"	"Precinct 4"	89	90	179	89	89	182	84	96	180	90	86	176	79	101	183	61	123	184	107	64	178	102	79	183
"ND"	2012	"Steele"	"Precinct 5"	75	110	185	92	99	193	106	82	188	111	71	182	83	106	193	76	122	198	90	91	186	95	100	200
"ND"	2012	"Stutsman"	"Precinct  P1"	80	155	236	97	158	260	166	71	237	172	58	230	147	99	254	138	120	258	86	146	240	88	171	263
"ND"	2012	"Stutsman"	"Precinct J1"	359	710	1069	356	780	1178	751	332	1084	710	341	1052	677	424	1143	628	582	1214	440	583	1073	452	740	1224
"ND"	2012	"Stutsman"	"Precinct J2"	524	860	1384	517	991	1541	922	489	1411	849	509	1358	819	652	1508	716	864	1582	710	628	1392	657	881	1586
"ND"	2012	"Stutsman"	"Precinct J3"	376	642	1021	351	721	1125	710	336	1048	647	356	1006	591	452	1107	529	614	1149	448	529	1035	454	661	1159
"ND"	2012	"Stutsman"	"Precinct J4"	300	565	866	283	619	923	611	262	874	585	274	860	512	387	914	446	474	923	376	468	872	339	570	931
"ND"	2012	"Stutsman"	"Precinct J5"	424	590	1014	381	676	1087	651	374	1025	579	409	988	553	476	1069	486	612	1104	474	477	998	469	607	1121
"ND"	2012	"Stutsman"	"Precinct J6"	338	465	805	293	522	852	498	316	815	485	300	787	439	374	848	417	444	864	375	388	813	361	478	872
"ND"	2012	"Stutsman"	"Precinct P2"	67	89	156	78	78	166	100	55	155	89	66	155	72	90	168	62	106	168	87	64	156	83	82	169
"ND"	2012	"Stutsman"	"Precinct P3"	130	216	346	143	229	379	218	126	344	209	134	343	203	172	380	186	207	393	157	185	351	151	230	389
"ND"	2012	"Stutsman"	"Precinct P4"	199	420	619	217	443	672	462	161	623	432	176	608	407	243	668	369	311	682	226	367	615	199	467	689
"ND"	2012	"Stutsman"	"Precinct P5"	115	385	500	161	355	531	401	109	510	406	98	504	357	153	528	331	197	531	154	333	511	118	404	541
"ND"	2012	"Stutsman"	"Precinct P6"	175	383	558	186	412	608	406	165	571	397	153	550	368	223	603	346	269	616	206	331	562	214	394	614
"ND"	2012	"Towner"	"Cando"	221	464	686	251	461	723	473	214	688	473	204	677	406	289	718	347	382	732	278	386	689	267	434	730
"ND"	2012	"Towner"	"Egeland"	98	104	202	121	88	214	120	85	205	107	87	194	82	122	210	67	139	207	107	85	203	101	103	214
"ND"	2012	"Towner"	"Rocklake"	131	91	222	157	81	239	99	128	227	91	127	218	67	168	238	58	178	238	142	79	225	148	86	238
"ND"	2012	"Traill"	"Precinct 1"	69	85	154	62	97	161	86	68	155	83	72	155	78	77	157	64	94	161	74	75	153	75	81	161
"ND"	2012	"Traill"	"Precinct 10"	138	225	363	139	226	371	223	141	364	226	140	366	196	170	372	164	207	372	163	183	362	157	206	370
"ND"	2012	"Traill"	"Precinct 11"	347	381	729	295	438	749	439	291	730	437	285	722	361	376	750	302	453	755	351	342	718	361	378	755
"ND"	2012	"Traill"	"Precinct 12"	177	206	383	176	206	396	199	178	379	204	173	377	175	195	388	152	248	401	213	155	379	199	186	399
"ND"	2012	"Traill"	"Precinct 2"	156	188	344	155	205	368	195	152	347	207	135	342	166	193	365	154	219	373	184	148	342	176	187	370
"ND"	2012	"Traill"	"Precinct 3"	85	128	213	84	123	218	124	89	213	131	79	210	114	98	218	94	128	224	92	112	212	91	124	224
"ND"	2012	"Traill"	"Precinct 4"	62	98	160	70	91	166	101	61	162	101	56	157	83	82	167	66	100	167	75	78	163	78	87	167
"ND"	2012	"Traill"	"Precinct 5"	66	70	136	65	79	146	80	58	138	78	57	135	62	83	147	56	86	145	73	59	135	73	66	145
"ND"	2012	"Traill"	"Precinct 6"	57	37	94	44	51	96	50	44	94	49	44	94	41	51	94	30	64	94	58	32	92	51	41	95
"ND"	2012	"Traill"	"Precinct 7"	171	323	496	203	298	516	309	185	495	331	160	492	265	222	510	229	282	512	222	244	493	210	294	523
"ND"	2012	"Traill"	"Precinct 8"	123	170	293	125	169	305	166	127	294	186	107	294	146	149	305	129	185	315	140	141	292	150	154	317
"ND"	2012	"Traill"	"Precinct 9"	167	213	380	167	217	393	224	156	380	218	158	376	188	192	391	149	245	394	198	166	377	190	192	395
"ND"	2012	"Walsh"	"Precinct 1 - District 19"	1135	1899	3036	983	2186	3236	1931	1138	3073	1996	1015	3014	1858	1391	3333	1625	1902	3534	1384	1556	3057	1412	2016	3533
"ND"	2012	"Walsh"	"Precinct 2 -District 10"	544	902	1448	541	1002	1574	939	532	1472	883	536	1422	744	758	1540	645	917	1573	655	716	1438	712	797	1563
"ND"	2012	"Ward"	"Afton Our Savior Lutheran"	101	285	386	129	277	413	276	115	391	292	89	381	255	135	406	237	172	410	126	248	389	112	290	414
"ND"	2012	"Ward"	"Berthold Sr Citizen Center"	127	346	474	177	312	500	339	141	480	355	115	470	299	186	498	275	218	493	156	304	482	127	356	504
"ND"	2012	"Ward"	"Burlington City Hall"	261	615	877	261	652	936	640	249	890	669	212	881	575	323	930	536	388	931	288	543	885	257	656	945
"ND"	2012	"Ward"	"Des Lacs Community Hall"	74	189	264	87	187	279	189	72	262	204	55	260	173	95	271	161	117	279	84	168	259	79	195	279
"ND"	2012	"Ward"	"Harrison Courthouse"	188	579	770	175	612	798	579	192	772	594	179	773	531	251	795	500	301	804	214	532	766	214	586	808
"ND"	2012	"Ward"	"Kenmare Memorial Hall"	180	508	690	252	462	734	475	222	697	506	178	684	440	273	731	399	329	731	233	431	692	211	508	736
"ND"	2012	"Ward"	"Makoti Pioneer Sr Citizen Club"	54	112	166	72	100	175	116	53	169	120	47	167	98	72	174	83	90	173	61	98	167	58	112	173
"ND"	2012	"Ward"	"Minot A"	1159	2155	3327	1086	2305	3470	2073	1234	3319	2224	1072	3309	1906	1352	3440	1859	1594	3480	1233	1853	3305	1298	2072	3505
"ND"	2012	"Ward"	"Minot B"	2017	4073	6105	1910	4390	6411	3999	2091	6104	4212	1863	6085	3686	2490	6384	3442	2938	6421	2240	3603	6100	2256	4055	6478
"ND"	2012	"Ward"	"Minot C"	1020	2278	3299	929	2484	3463	2293	1020	3315	2383	900	3286	2103	1218	3448	1974	1480	3471	1118	2047	3304	1099	2303	3489
"ND"	2012	"Ward"	"Minot D"	1198	2208	3422	1074	2391	3595	2213	1201	3428	2315	1071	3401	2009	1379	3575	1953	1653	3633	1310	1890	3415	1299	2227	3666
"ND"	2012	"Ward"	"Nedrose School"	355	692	1049	356	734	1116	704	348	1053	746	301	1049	615	445	1109	596	512	1115	391	610	1058	379	702	1118
"ND"	2012	"Ward"	"North Central Lynch Immanuel"	84	157	241	80	163	259	150	90	240	165	80	245	146	101	264	164	119	285	78	137	236	110	172	295
"ND"	2012	"Ward"	"Ruthville Lynch Immanuel"	213	428	643	230	410	677	428	218	647	454	199	654	387	243	685	406	290	699	221	357	641	242	433	712
"ND"	2012	"Ward"	"Ryder Senior Citizen center"	87	141	228	103	130	240	135	96	231	138	85	223	120	113	239	100	141	241	98	120	228	85	140	239
"ND"	2012	"Ward"	"Sawyer City Hall"	115	273	388	157	255	414	284	107	391	292	95	387	261	134	404	237	172	411	128	246	391	122	280	412
"ND"	2012	"Ward"	"South Prairie School"	96	146	242	112	148	265	148	102	250	155	86	241	126	122	260	119	146	265	102	136	248	97	158	263
"ND"	2012	"Ward"	"Sundre Bell School"	208	542	751	231	529	780	535	220	755	564	188	752	483	264	771	471	311	784	217	508	759	214	549	786
"ND"	2012	"Ward"	"Surrey City Hall"	178	419	597	185	438	633	424	176	600	467	133	600	404	207	630	376	259	637	198	377	604	182	436	641
"ND"	2012	"Wells"	"Precinct 01 Harvey"	75	228	303	100	209	313	239	66	306	239	59	299	211	95	314	206	108	316	86	204	302	80	231	316
"ND"	2012	"Wells"	"Precinct 02 Fessenden"	91	174	265	113	155	273	171	91	262	186	74	260	155	103	270	150	122	273	109	141	262	98	171	274
"ND"	2012	"Wells"	"Precinct 03 Bowdon"	70	190	260	90	182	275	190	69	259	196	62	258	186	83	273	164	107	273	79	174	260	66	202	276
"ND"	2012	"Wells"	"Precinct 04 Sykeston"	82	167	249	146	112	267	152	97	249	167	79	246	143	113	261	131	134	267	106	134	250	94	167	268
"ND"	2012	"Wells"	"Precinct 05 Harvey"	269	658	927	339	601	958	665	267	932	670	250	920	600	331	958	545	397	946	330	541	915	262	674	960
"ND"	2012	"Wells"	"Precinct 06 Fessenden"	61	207	268	98	186	287	202	69	272	213	54	267	184	87	279	167	114	286	89	175	272	73	209	285
"ND"	2012	"Williams"	"Precinct 43"	159	650	810	192	610	841	626	171	801	653	143	799	601	200	841	613	226	842	185	559	796	161	666	860
"ND"	2012	"Williams"	"Precinct 45"	27	83	110	40	69	112	74	35	110	81	28	109	71	38	113	76	36	113	35	72	109	30	83	114
"ND"	2012	"Williams"	"Precinct 48"	86	450	536	91	452	565	444	85	529	453	77	530	428	109	562	439	134	573	107	395	529	96	471	575
"ND"	2012	"Williams"	"Precinct 53"	21	96	117	36	81	119	91	26	117	92	22	114	82	34	118	83	36	119	27	86	115	24	94	120
"ND"	2012	"Williams"	"Precinct 55"	79	173	253	93	152	261	164	87	253	171	82	253	159	89	264	156	108	266	94	140	255	93	162	268
"ND"	2012	"Williams"	"Precinct 59"	354	1318	1676	342	1356	1749	1247	400	1650	1302	349	1656	1219	447	1733	1184	572	1759	427	1158	1655	422	1301	1782
"ND"	2012	"Williams"	"Precinct 60"	357	1000	1359	330	1040	1420	947	393	1341	968	365	1333	906	424	1400	888	529	1424	412	870	1344	412	975	1442
"ND"	2012	"Williams"	"Precinct 62"	54	199	253	77	176	261	199	49	248	203	47	250	183	71	262	184	79	263	64	167	249	52	201	264
"ND"	2012	"Williams"	"Precinct 63"	150	205	355	182	183	375	194	155	349	215	132	347	195	172	374	185	195	381	162	167	341	135	229	378
"ND"	2012	"Williams"	"Precinct 64"	144	683	827	184	670	869	684	146	830	682	138	820	652	184	864	642	225	867	178	602	825	142	724	883
"ND"	2012	"Williams"	"Precinct 65"	45	146	191	66	128	200	125	63	188	139	48	187	120	69	196	113	87	200	67	119	190	57	141	201
"ND"	2012	"Williams"	"Precinct 67"	48	146	194	52	139	200	134	57	191	140	47	187	119	78	204	118	88	206	69	113	189	55	140	205
"ND"	2012	"Williams"	"Precinct 74"	378	1524	1905	367	1569	1987	1446	434	1882	1479	381	1863	1382	513	1972	1384	631	2019	430	1362	1880	480	1504	2033
"ND"	2012	"Williams"	"Precinct 75"	56	173	229	46	175	231	168	57	225	176	52	230	157	65	232	162	75	237	64	144	224	62	168	239
"ND"	2012	"Williams"	"Precinct 76"	98	309	411	90	318	429	301	97	401	315	84	403	299	101	427	314	121	438	109	270	406	101	325	444
