state	year	county	precinct	cd	g2012_GOV_rv	g2012_GOV_dv	g2012_GOV_tv	g2012_USP_rv	g2012_USP_dv	g2012_USP_tv	g2012_USH_rv	g2012_USH_dv	g2012_USH_tv
"NH"	2012	"Belknap"	"Alton"	1	1966	1320	3342	2147	1207	3382	1995	1208	3296
"NH"	2012	"Belknap"	"Barnstead*"	1	1120	1198	2391	1254	1125	2419	1153	1054	2342
"NH"	2012	"Belknap"	"Belmont"	1	1606	1888	3601	1816	1782	3655	1740	1622	3524
"NH"	2012	"Belknap"	"Center Harbor"	2	342	350	705	406	308	718	389	287	692
"NH"	2012	"Belknap"	"Gilford"	1	2162	2257	4522	2448	2133	4636	2227	2033	4436
"NH"	2012	"Belknap"	"Gilmanton"	1	1037	1076	2166	1151	1013	2194	1091	970	2145
"NH"	2012	"Belknap"	"Laconia Ward 1"	1	738	645	1409	811	605	1423	746	599	1387
"NH"	2012	"Belknap"	"Laconia Ward 2"	1	463	605	1106	494	615	1124	482	553	1083
"NH"	2012	"Belknap"	"Laconia Ward 3"	1	590	738	1357	669	706	1387	626	655	1336
"NH"	2012	"Belknap"	"Laconia Ward 4"	1	496	637	1148	525	647	1179	498	582	1156
"NH"	2012	"Belknap"	"Laconia Ward 5"	1	414	587	1043	447	602	1072	420	539	1016
"NH"	2012	"Belknap"	"Laconia Ward 6"	1	782	831	1653	913	763	1699	868	702	1635
"NH"	2012	"Belknap"	"Meredith"	1	1860	1973	3939	2088	1853	3976	1922	1799	3856
"NH"	2012	"Belknap"	"New Hampton"	1	563	691	1283	636	646	1304	603	611	1263
"NH"	2012	"Belknap"	"Sanbornton"	1	828	923	1791	913	888	1830	860	837	1754
"NH"	2012	"Belknap"	"Tilton"	1	735	1037	1848	853	997	1889	764	910	1804
"NH"	2012	"Carroll"	"Albany"	1	145	235	399	157	235	405	148	231	398
"NH"	2012	"Carroll"	"Bartlett"	1	721	1034	1795	774	1039	1829	715	1018	1786
"NH"	2012	"Carroll"	"Brookfield"	1	232	184	431	251	171	441	234	176	434
"NH"	2012	"Carroll"	"Chatham"	1	102	97	207	110	105	219	91	108	211
"NH"	2012	"Carroll"	"Conway"	1	1893	2914	4926	2046	2954	5079	1893	2855	4909
"NH"	2012	"Carroll"	"Eaton"	1	122	159	287	119	163	290	111	163	283
"NH"	2012	"Carroll"	"Effingham"	1	340	396	779	393	380	797	343	377	769
"NH"	2012	"Carroll"	"Freedom"	1	429	466	907	478	438	927	455	417	896
"NH"	2012	"Carroll"	"Hale's Location"	1	95	25	121	98	28	126	93	28	124
"NH"	2012	"Carroll"	"Hart's Location"	1	9	22	33	9	23	33	9	23	33
"NH"	2012	"Carroll"	"Jackson"	1	252	414	674	259	423	691	240	409	668
"NH"	2012	"Carroll"	"Madison"	1	547	804	1390	596	793	1412	563	774	1386
"NH"	2012	"Carroll"	"Moultonborough"	1	1676	1272	3001	1822	1204	3049	1716	1135	2951
"NH"	2012	"Carroll"	"Ossipee"	1	1009	962	2048	1142	961	2131	1012	917	2024
"NH"	2012	"Carroll"	"Sandwich"	1	367	614	996	403	609	1019	368	593	986
"NH"	2012	"Carroll"	"Tamworth"	1	654	861	1555	718	843	1583	646	829	1547
"NH"	2012	"Carroll"	"Tuftonboro"	1	870	724	1621	984	671	1679	894	657	1607
"NH"	2012	"Carroll"	"Wakefield"	1	1278	1203	2548	1448	1083	2581	1341	1089	2531
"NH"	2012	"Carroll"	"Wolfeboro"	1	2152	1953	4193	2400	1854	4311	2211	1824	4165
"NH"	2012	"Cheshire"	"Alstead"	2	310	674	1018	383	634	1031	356	607	1001
"NH"	2012	"Cheshire"	"Chesterfield"	2	793	1284	2115	911	1251	2186	893	1118	2086
"NH"	2012	"Cheshire"	"Dublin"	2	352	653	1034	375	671	1066	401	592	1026
"NH"	2012	"Cheshire"	"Fitzwilliam"	2	496	748	1250	550	753	1320	538	675	1219
"NH"	2012	"Cheshire"	"Gilsum"	2	166	245	426	192	231	434	181	221	424
"NH"	2012	"Cheshire"	"Harrisville"	2	183	486	680	208	478	694	193	448	668
"NH"	2012	"Cheshire"	"Hinsdale"	2	432	1201	1680	504	1227	1771	506	1095	1664
"NH"	2012	"Cheshire"	"Jaffrey"	2	1122	1536	2748	1235	1538	2834	1223	1397	2734
"NH"	2012	"Cheshire"	"Keene Ward 1"	2	402	1362	1907	488	1698	2241	499	1212	1837
"NH"	2012	"Cheshire"	"Keene Ward 2"	2	559	1844	2489	611	1913	2572	655	1690	2453
"NH"	2012	"Cheshire"	"Keene Ward 3"	2	649	1655	2393	746	1652	2451	752	1501	2362
"NH"	2012	"Cheshire"	"Keene Ward 4"	2	706	1750	2520	813	1714	2578	828	1593	2499
"NH"	2012	"Cheshire"	"Keene Ward 5*"	2	814	1706	2593	955	1741	2737	950	1529	2558
"NH"	2012	"Cheshire"	"Marlborough"	2	297	782	1115	348	801	1165	350	706	1106
"NH"	2012	"Cheshire"	"Marlow"	2	136	273	424	154	262	428	166	230	415
"NH"	2012	"Cheshire"	"Nelson"	2	138	287	443	150	295	461	160	275	450
"NH"	2012	"Cheshire"	"Richmond"	2	313	338	676	325	330	693	307	312	658
"NH"	2012	"Cheshire"	"Rindge"	2	1591	1402	3121	1716	1410	3216	1716	1239	3085
"NH"	2012	"Cheshire"	"Roxbury"	2	41	98	144	41	110	152	40	96	141
"NH"	2012	"Cheshire"	"Stoddard"	2	305	425	754	337	403	755	315	390	740
"NH"	2012	"Cheshire"	"Sullivan"	2	134	228	371	148	221	377	148	197	359
"NH"	2012	"Cheshire"	"Surry"	2	179	287	480	219	270	498	199	262	480
"NH"	2012	"Cheshire"	"Swanzey"	2	1354	2155	3599	1497	2133	3674	1480	1899	3539
"NH"	2012	"Cheshire"	"Troy"	2	396	587	1026	413	553	1001	390	506	956
"NH"	2012	"Cheshire"	"Walpole"	2	693	1327	2065	793	1284	2114	789	1175	2046
"NH"	2012	"Cheshire"	"Westmoreland"	2	372	670	1063	411	676	1100	416	605	1056
"NH"	2012	"Cheshire"	"Winchester"	2	557	1133	1761	633	1131	1811	634	1013	1741
"NH"	2012	"Coos"	"At. & Gil Ac. Gt"	2			0			0	0	0	0
"NH"	2012	"Coos"	"Bean's Grant"	2			0			0	0	0	0
"NH"	2012	"Coos"	"Bean's Purchase"	2			0			0	0	0	0
"NH"	2012	"Coos"	"Berlin"	2	1248	2824	4178	1248	2863	4176	1425	2413	4009
"NH"	2012	"Coos"	"Cambridge"	2	2	1	3	1	2	3	3	0	3
"NH"	2012	"Coos"	"Carroll"	2	200	283	496	226	274	508	222	246	491
"NH"	2012	"Coos"	"Chandler's Purchase"	2			0			0	0	0	0
"NH"	2012	"Coos"	"Clarksville"	2	73	70	154	83	72	160	91	46	148
"NH"	2012	"Coos"	"Colebrook"	2	477	458	967	506	472	998	491	388	932
"NH"	2012	"Coos"	"Columbia"	2	176	149	329	183	155	340	170	136	320
"NH"	2012	"Coos"	"Crawford's Purchase"	2			0			0	0	0	0
"NH"	2012	"Coos"	"Cutt's Grant"	2			0			0	0	0	0
"NH"	2012	"Coos"	"Dalton"	2	232	244	488	240	241	501	269	192	487
"NH"	2012	"Coos"	"Dix's Grant"	2			0			0	0	0	0
"NH"	2012	"Coos"	"Dixville"	2	7	3	10	5	5	10	6	3	10
"NH"	2012	"Coos"	"Dummer"	2	75	84	161	79	84	165	88	74	167
"NH"	2012	"Coos"	"Errol"	2	94	76	171	96	81	179	94	72	171
"NH"	2012	"Coos"	"Erving's Location"	2			0			0	0	0	0
"NH"	2012	"Coos"	"Gorham"	2	474	1016	1530	524	1020	1563	564	866	1483
"NH"	2012	"Coos"	"Green's Grant"	2		1	1		1	1	0	1	1
"NH"	2012	"Coos"	"Hadley's Purchase"	2			0			0	0	0	0
"NH"	2012	"Coos"	"Jefferson"	2	296	270	586	311	274	601	313	225	570
"NH"	2012	"Coos"	"Kilkenny"	2			0			0	0	0	0
"NH"	2012	"Coos"	"Lancaster"	2	707	849	1602	742	864	1640	789	719	1581
"NH"	2012	"Coos"	"Low & Burbank's Grant"	2			0			0	0	0	0
"NH"	2012	"Coos"	"Martin's Location"	2			0			0	0	0	0
"NH"	2012	"Coos"	"Milan"	2	293	428	727	283	435	725	320	373	710
"NH"	2012	"Coos"	"Millsfield"	2	16	5	22	16	5	22	15	5	21
"NH"	2012	"Coos"	"Northumberland"	2	378	594	997	366	621	1007	420	497	971
"NH"	2012	"Coos"	"Odell"	2			0			0	0	0	0
"NH"	2012	"Coos"	"Pinkham's Grant"	2		3	3		3	4	0	2	3
"NH"	2012	"Coos"	"Pittsburg"	2	294	176	478	317	180	504	299	164	479
"NH"	2012	"Coos"	"Randolph"	2	72	161	238	77	172	249	82	155	242
"NH"	2012	"Coos"	"Sargent's Purchase"	2			0			0	0	0	0
"NH"	2012	"Coos"	"Second College Grant"	2			0			0	0	0	0
"NH"	2012	"Coos"	"Shelburne"	2	100	146	249	118	139	259	116	121	247
"NH"	2012	"Coos"	"Stark"	2	122	159	281	133	164	298	132	137	269
"NH"	2012	"Coos"	"Stewartstown"	2	191	145	343	193	161	360	181	127	323
"NH"	2012	"Coos"	"Stratford"	2	106	147	266	105	167	275	112	130	254
"NH"	2012	"Coos"	"Success"	2			0			0	0	0	0
"NH"	2012	"Coos"	"Thomp. and Mes's Pur."	2			0			0	0	0	0
"NH"	2012	"Coos"	"Wentworth's Location"	2	16	4	20	12	7	20	10	7	19
"NH"	2012	"Coos"	"Whitefield"	2	420	633	1098	478	633	1131	515	511	1086
"NH"	2012	"Grafton"	"Alexandria"	2	378	500	916	432	472	933	424	423	894
"NH"	2012	"Grafton"	"Ashland"	2	462	606	1118	522	587	1144	513	506	1091
"NH"	2012	"Grafton"	"Bath"	2	277	259	549	272	264	548	293	225	533
"NH"	2012	"Grafton"	"Benton"	2	81	73	164	96	79	179	94	59	158
"NH"	2012	"Grafton"	"Bethlehem"	2	501	847	1387	534	862	1420	568	742	1358
"NH"	2012	"Grafton"	"Bridgewater"	2	405	349	777	352	343	700	350	296	665
"NH"	2012	"Grafton"	"Bristol"	2	736	810	1618	821	779	1643	831	676	1595
"NH"	2012	"Grafton"	"Campton"	1	702	1054	1815	765	1050	1851	735	934	1780
"NH"	2012	"Grafton"	"Canaan"	2	599	1122	1803	709	1089	1841	722	976	1772
"NH"	2012	"Grafton"	"Dorchester"	2	90	92	192	97	92	200	92	81	188
"NH"	2012	"Grafton"	"Easton"	2	64	122	189	63	122	188	68	114	188
"NH"	2012	"Grafton"	"Ellsworth"	2	18	34	53	19	32	52	26	26	52
"NH"	2012	"Grafton"	"Enfield"	2	732	1571	2386	843	1542	2431	876	1369	2344
"NH"	2012	"Grafton"	"Franconia"	2	245	489	747	276	479	761	291	410	728
"NH"	2012	"Grafton"	"Grafton"	2	265	342	692	316	339	696	316	294	679
"NH"	2012	"Grafton"	"Groton"	2	143	135	288	155	139	299	139	131	282
"NH"	2012	"Grafton"	"Hanover"	2	1379	5169	6731	1727	5469	7295	1713	4876	6754
"NH"	2012	"Grafton"	"Haverhill"	2	909	970	1942	975	974	1989	943	834	1882
"NH"	2012	"Grafton"	"Hebron"	2	218	163	386	222	171	397	229	140	379
"NH"	2012	"Grafton"	"Holderness"	2	499	762	1286	547	755	1317	566	670	1264
"NH"	2012	"Grafton"	"Landaff"	2	109	131	249	109	133	244	116	108	231
"NH"	2012	"Grafton"	"Lebanon Ward 1"	2	635	1554	2240	691	1603	2316	729	1442	2228
"NH"	2012	"Grafton"	"Lebanon Ward 2"	2	560	1534	2155	645	1547	2224	691	1366	2133
"NH"	2012	"Grafton"	"Lebanon Ward 3"	2	654	1590	2326	724	1622	2384	753	1459	2290
"NH"	2012	"Grafton"	"Lincoln"	2	313	436	776	337	446	797	357	357	751
"NH"	2012	"Grafton"	"Lisbon"	2	285	389	707	322	386	719	325	321	691
"NH"	2012	"Grafton"	"Littleton"	2	1207	1573	2870	1293	1566	2913	1390	1290	2820
"NH"	2012	"Grafton"	"Livermore"	2			0			0	0	0	0
"NH"	2012	"Grafton"	"Lyman"	2	135	153	296	140	161	307	131	144	289
"NH"	2012	"Grafton"	"Lyme"	2	260	911	1184	274	932	1218	301	871	1186
"NH"	2012	"Grafton"	"Monroe"	2	251	220	484	267	216	497	264	188	474
"NH"	2012	"Grafton"	"Orange"	2	67	102	177	72	107	180	70	92	171
"NH"	2012	"Grafton"	"Orford"	2	218	452	689	239	455	706	260	408	678
"NH"	2012	"Grafton"	"Piermont"	2	140	254	409	161	255	423	167	230	408
"NH"	2012	"Grafton"	"Plymouth"	2	1019	2154	3357	1111	2313	3569	1261	1864	3292
"NH"	2012	"Grafton"	"Rumney"	2	392	423	847	438	411	862	422	376	838
"NH"	2012	"Grafton"	"Sugar Hill"	2	149	242	399	153	248	407	161	242	410
"NH"	2012	"Grafton"	"Thornton"	2	556	779	1375	611	743	1388	615	668	1344
"NH"	2012	"Grafton"	"Warren"	2	193	243	450	206	233	456	223	191	439
"NH"	2012	"Grafton"	"Waterville Valley"	2	103	125	231	105	136	242	112	114	232
"NH"	2012	"Grafton"	"Wentworth"	2	240	230	496	260	218	498	256	189	483
"NH"	2012	"Grafton"	"Woodstock"	2	287	448	766	307	456	780	354	351	743
"NH"	2012	"Hillsborough"	"Amherst"	2	3532	3610	7337	3906	3501	7528	3831	3125	7240
"NH"	2012	"Hillsborough"	"Antrim"	2	601	810	1456	655	810	1487	623	752	1431
"NH"	2012	"Hillsborough"	"Bedford"	1	7471	5017	12676	7990	4713	12831	7558	4635	12562
"NH"	2012	"Hillsborough"	"Bennington"	2	350	384	765	363	395	781	372	345	761
"NH"	2012	"Hillsborough"	"Brookline"	2	1424	1372	2882	1623	1278	2949	1534	1166	2844
"NH"	2012	"Hillsborough"	"Deering"	2	469	517	1025	505	508	1038	491	458	1004
"NH"	2012	"Hillsborough"	"Francestown"	2	437	525	1025	449	538	1051	483	488	1021
"NH"	2012	"Hillsborough"	"Goffstown"	1	4536	4257	9028	4856	4231	9216	4545	3876	8861
"NH"	2012	"Hillsborough"	"Greenfield"	2	384	477	901	394	461	874	405	432	897
"NH"	2012	"Hillsborough"	"Greenville"	2	381	500	928	424	509	958	398	433	913
"NH"	2012	"Hillsborough"	"Hancock"	2	422	762	1201	465	738	1221	501	653	1191
"NH"	2012	"Hillsborough"	"Hillsborough"	2	1119	1529	2753	1213	1490	2773	1207	1327	2702
"NH"	2012	"Hillsborough"	"Hollis"	2	2441	2450	5029	2785	2289	5158	2647	2298	5154
"NH"	2012	"Hillsborough"	"Hudson"	2	5675	5812	11943	6683	5451	12316	6025	4930	11616
"NH"	2012	"Hillsborough"	"Litchfield"	2	2344	2089	4600	2703	1956	4711	2479	1756	4495
"NH"	2012	"Hillsborough"	"Lyndeborough"	2	430	532	1007	480	535	1032	467	472	1001
"NH"	2012	"Hillsborough"	"Manchester Ward 1"	1	2427	2805	5313	2550	2757	5357	2428	2684	5245
"NH"	2012	"Hillsborough"	"Manchester Ward 10"	1	1666	2153	3942	1752	2172	4009	1715	2063	3874
"NH"	2012	"Hillsborough"	"Manchester Ward 11"	1	1256	1721	3097	1272	1807	3157	1259	1610	3059
"NH"	2012	"Hillsborough"	"Manchester Ward 12"	1	1746	2014	3883	1799	2087	3962	1730	1894	3811
"NH"	2012	"Hillsborough"	"Manchester Ward 2"	1	2013	2579	4703	2131	2557	4777	2006	2453	4641
"NH"	2012	"Hillsborough"	"Manchester Ward 3"	1	901	1712	2741	947	1805	2836	939	1582	2701
"NH"	2012	"Hillsborough"	"Manchester Ward 4"	1	1212	2043	3379	1265	2137	3464	1183	1937	3315
"NH"	2012	"Hillsborough"	"Manchester Ward 5"	1	945	1800	2857	977	1879	2934	956	1716	2823
"NH"	2012	"Hillsborough"	"Manchester Ward 6"	1	2240	2377	4707	2427	2301	4782	2265	2224	4653
"NH"	2012	"Hillsborough"	"Manchester Ward 7"	1	1551	1946	3635	1556	2090	3711	1491	1874	3593
"NH"	2012	"Hillsborough"	"Manchester Ward 8"	1	2327	2370	4827	2494	2350	4907	2358	2156	4753
"NH"	2012	"Hillsborough"	"Manchester Ward 9"	1	1713	2258	4095	1772	2285	4137	1704	2115	4039
"NH"	2012	"Hillsborough"	"Mason"	2	439	343	820	476	331	842	455	318	809
"NH"	2012	"Hillsborough"	"Merrimack"	1	6900	7180	14439	7750	6832	14784	7152	6501	14214
"NH"	2012	"Hillsborough"	"Milford"	2	3350	4160	7745	3787	3954	7891	3723	3516	7581
"NH"	2012	"Hillsborough"	"Mont Vernon"	2	706	724	1461	775	691	1487	752	661	1455
"NH"	2012	"Hillsborough"	"Nashua Ward 1*"	2	2247	3028	5401	2611	2869	5565	2463	2616	5284
"NH"	2012	"Hillsborough"	"Nashua Ward 2"	2	1846	2677	4669	2123	2551	4767	2064	2304	4572
"NH"	2012	"Hillsborough"	"Nashua Ward 3"	2	1619	2496	4246	1797	2501	4380	1785	2214	4168
"NH"	2012	"Hillsborough"	"Nashua Ward 4"	2	861	2160	3159	926	2304	3299	951	1953	3099
"NH"	2012	"Hillsborough"	"Nashua Ward 5"	2	2294	2945	5368	2678	2769	5500	2498	2537	5246
"NH"	2012	"Hillsborough"	"Nashua Ward 6"	2	1387	2548	4071	1594	2526	4193	1522	2203	3936
"NH"	2012	"Hillsborough"	"Nashua Ward 7"	2	1421	2492	4045	1628	2466	4164	1545	2155	3903
"NH"	2012	"Hillsborough"	"Nashua Ward 8"	2	1812	2706	4649	2024	2694	4810	2004	2367	4577
"NH"	2012	"Hillsborough"	"Nashua Ward 9"	2	1955	2800	4892	2277	2733	5082	2140	2414	4765
"NH"	2012	"Hillsborough"	"New Boston"	2	1593	1472	3129	1736	1399	3177	1659	1304	3071
"NH"	2012	"Hillsborough"	"New Ipswich"	2	1557	874	2530	1696	823	2571	1607	773	2511
"NH"	2012	"Hillsborough"	"Pelham"	2	3619	2995	6878	4184	2870	7133	3739	2584	6682
"NH"	2012	"Hillsborough"	"Peterborough"	2	1212	2501	3774	1309	2479	3836	1387	2277	3757
"NH"	2012	"Hillsborough"	"Sharon"	2	92	153	252	91	162	259	103	145	253
"NH"	2012	"Hillsborough"	"Temple"	2	381	465	868	413	435	867	419	406	850
"NH"	2012	"Hillsborough"	"Weare"	2	2358	2189	4720	2592	2105	4787	2463	1826	4605
"NH"	2012	"Hillsborough"	"Wilton"	2	894	1181	2149	1022	1137	2205	958	1030	2105
"NH"	2012	"Hillsborough"	"Windsor"	2	65	37	110	66	42	111	55	38	106
"NH"	2012	"Merrimack"	"Allenstown"	2	889	1203	2158	981	1149	2181	981	1002	2107
"NH"	2012	"Merrimack"	"Andover"	2	510	774	1327	571	777	1370	543	695	1303
"NH"	2012	"Merrimack"	"Boscawen"	2	694	1007	1775	766	1000	1814	769	828	1717
"NH"	2012	"Merrimack"	"Bow"	2	2135	2643	4858	2352	2509	4915	2390	2254	4770
"NH"	2012	"Merrimack"	"Bradford"	2	416	520	962	456	503	982	443	461	950
"NH"	2012	"Merrimack"	"Canterbury"	2	516	974	1531	629	905	1559	621	821	1505
"NH"	2012	"Merrimack"	"Chichester"	2	722	765	1526	784	731	1550	746	664	1472
"NH"	2012	"Merrimack"	"Concord Ward 1"	2	692	1646	2343	783	1626	2449	812	1419	2361
"NH"	2012	"Merrimack"	"Concord Ward 10"	2	1016	1684	2737	1166	1579	2761	1171	1437	2681
"NH"	2012	"Merrimack"	"Concord Ward 2"	2	616	1321	1995	698	1298	2027	704	1164	1960
"NH"	2012	"Merrimack"	"Concord Ward 3"	2	473	1085	1592	540	1032	1600	578	930	1558
"NH"	2012	"Merrimack"	"Concord Ward 4"	2	490	1431	1986	548	1427	2007	569	1264	1948
"NH"	2012	"Merrimack"	"Concord Ward 5"	2	748	1737	2517	811	1726	2559	864	1589	2493
"NH"	2012	"Merrimack"	"Concord Ward 6"	2	476	1317	1881	511	1349	1907	539	1157	1821
"NH"	2012	"Merrimack"	"Concord Ward 7"	2	717	1773	2540	812	1731	2567	849	1546	2488
"NH"	2012	"Merrimack"	"Concord Ward 8"	2	628	1271	1975	720	1258	2014	717	1118	1939
"NH"	2012	"Merrimack"	"Concord Ward 9"	2	641	1242	1939	736	1192	1961	711	1098	1891
"NH"	2012	"Merrimack"	"Danbury"	2	261	343	643	313	307	631	291	285	629
"NH"	2012	"Merrimack"	"Dunbarton"	2	899	831	1757	958	794	1775	946	713	1722
"NH"	2012	"Merrimack"	"Epsom"	2	1211	1262	2532	1333	1195	2564	1263	1086	2471
"NH"	2012	"Merrimack"	"Franklin Ward 1"	2	510	768	1328	610	728	1361	559	640	1282
"NH"	2012	"Merrimack"	"Franklin Ward 2"	2	332	599	974	399	561	992	398	477	944
"NH"	2012	"Merrimack"	"Franklin Ward 3"	2	518	780	1338	561	770	1352	575	664	1295
"NH"	2012	"Merrimack"	"Henniker"	2	893	1540	2492	1009	1515	2571	1041	1350	2483
"NH"	2012	"Merrimack"	"Hill"	2	242	303	555	267	286	568	270	256	548
"NH"	2012	"Merrimack"	"Hooksett"	1	3703	3389	7253	3968	3319	7369	3720	3147	7162
"NH"	2012	"Merrimack"	"Hopkinton"	2	1305	2278	3655	1471	2264	3779	1488	2125	3720
"NH"	2012	"Merrimack"	"Loudon"	2	1392	1519	2973	1546	1414	3003	1533	1242	2896
"NH"	2012	"Merrimack"	"New London"	2	1238	1732	3025	1384	1737	3159	1418	1495	2972
"NH"	2012	"Merrimack"	"Newbury"	2	594	717	1343	680	664	1361	666	617	1327
"NH"	2012	"Merrimack"	"Northfield"	2	921	1265	2274	1013	1242	2296	1011	1016	2170
"NH"	2012	"Merrimack"	"Pembroke"	2	1585	2174	3837	1729	2102	3889	1762	1824	3741
"NH"	2012	"Merrimack"	"Pittsfield"	2	875	985	1929	936	959	1944	925	843	1876
"NH"	2012	"Merrimack"	"Salisbury"	2	350	412	788	387	400	803	380	344	769
"NH"	2012	"Merrimack"	"Sutton"	2	510	656	1192	545	654	1206	545	600	1180
"NH"	2012	"Merrimack"	"Warner"	2	630	949	1630	694	938	1664	652	873	1597
"NH"	2012	"Merrimack"	"Webster"	2	457	634	1121	496	623	1142	485	543	1098
"NH"	2012	"Merrimack"	"Wilmot"	2	322	508	855	361	492	862	348	455	843
"NH"	2012	"Rockingham"	"Atkinson"	2	2343	1710	4203	2691	1630	4359	2391	1500	4092
"NH"	2012	"Rockingham"	"Auburn"	1	1801	1347	3202	1996	1219	3255	1831	1213	3175
"NH"	2012	"Rockingham"	"Brentwood"	1	1183	1149	2389	1301	1093	2439	1180	1055	2350
"NH"	2012	"Rockingham"	"Candia"	1	1385	1022	2458	1528	937	2494	1443	890	2422
"NH"	2012	"Rockingham"	"Chester"	1	1461	1176	2703	1622	1082	2744	1455	1082	2659
"NH"	2012	"Rockingham"	"Danville"	1	1152	1087	2312	1356	983	2378	1170	971	2249
"NH"	2012	"Rockingham"	"Deerfield"	2	1391	1195	2644	1485	1133	2664	1389	1066	2554
"NH"	2012	"Rockingham"	"Derry"	1	7161	7891	15591	8350	7612	16239	7547	7316	15653
"NH"	2012	"Rockingham"	"East Kingston"	1	800	645	1489	916	592	1532	812	580	1460
"NH"	2012	"Rockingham"	"Epping"	1	1480	1914	3506	1697	1793	3565	1511	1804	3490
"NH"	2012	"Rockingham"	"Exeter"	1	3123	5479	8768	3614	5194	8917	3317	4995	8603
"NH"	2012	"Rockingham"	"Fremont"	1	1183	1162	2422	1380	1039	2472	1239	1010	2373
"NH"	2012	"Rockingham"	"Greenland"	1	1016	1341	2402	1159	1355	2541	1047	1227	2354
"NH"	2012	"Rockingham"	"Hampstead"	1	2819	2198	5170	3217	2012	5295	2842	1987	5055
"NH"	2012	"Rockingham"	"Hampton"	1	4160	5140	9464	4742	4843	9702	4226	4799	9318
"NH"	2012	"Rockingham"	"Hampton Falls"	1	850	590	1460	917	548	1494	868	514	1435
"NH"	2012	"Rockingham"	"Kensington"	1	724	672	1419	739	587	1352	665	591	1311
"NH"	2012	"Rockingham"	"Kingston"	1	1606	1646	3356	1854	1518	3427	1624	1513	3295
"NH"	2012	"Rockingham"	"Londonderry"	1	6516	6022	12850	7323	5690	13167	6540	5616	12656
"NH"	2012	"Rockingham"	"New Castle"	1	373	422	805	419	396	819	380	400	799
"NH"	2012	"Rockingham"	"Newfields"	1	490	562	1053	564	521	1094	513	508	1054
"NH"	2012	"Rockingham"	"Newington"	1	270	266	549	298	262	568	287	237	539
"NH"	2012	"Rockingham"	"Newmarket"	1	1612	3333	5079	1893	3230	5218	1707	3101	5019
"NH"	2012	"Rockingham"	"Newton"	1	1202	1185	2467	1395	1104	2535	1208	1107	2432
"NH"	2012	"Rockingham"	"North Hampton"	1	1374	1544	2986	1558	1462	3053	1397	1440	2941
"NH"	2012	"Rockingham"	"Northwood"	2	1056	1301	2425	1189	1198	2444	1169	1082	2363
"NH"	2012	"Rockingham"	"Nottingham"	1	1259	1425	2762	1379	1364	2803	1303	1289	2720
"NH"	2012	"Rockingham"	"Plaistow"	1	2043	1748	3962	2387	1709	4149	2012	1587	3853
"NH"	2012	"Rockingham"	"Portsmouth Ward 1"	1	670	1790	2537	773	1783	2598	684	1733	2516
"NH"	2012	"Rockingham"	"Portsmouth Ward 2"	1	643	2183	2912	765	2169	2989	672	2117	2885
"NH"	2012	"Rockingham"	"Portsmouth Ward 3"	1	721	1664	2440	862	1631	2520	748	1587	2414
"NH"	2012	"Rockingham"	"Portsmouth Ward 4"	1	764	1434	2261	902	1393	2327	811	1338	2227
"NH"	2012	"Rockingham"	"Portsmouth Ward 5"	1	675	1880	2623	786	1872	2697	681	1850	2599
"NH"	2012	"Rockingham"	"Raymond"	1	2356	2409	4908	2632	2289	5013	2419	2127	4833
"NH"	2012	"Rockingham"	"Rye"	1	1667	2008	3747	1873	1930	3828	1726	1873	3710
"NH"	2012	"Rockingham"	"Salem"	2	7239	6219	13935	8285	6026	14466	7473	5334	13429
"NH"	2012	"Rockingham"	"Sandown"	1	1677	1423	3197	1922	1298	3267	1706	1293	3141
"NH"	2012	"Rockingham"	"Seabrook"	1	1800	2113	4092	2211	2030	4303	1758	1814	3986
"NH"	2012	"Rockingham"	"South Hampton"	1	274	270	558	322	240	569	264	244	543
"NH"	2012	"Rockingham"	"Stratham"	1	2112	2562	4763	2395	2411	4843	2193	2363	4700
"NH"	2012	"Rockingham"	"Windham"	2	4664	3160	8015	5224	2964	8284	4807	2721	7822
"NH"	2012	"Strafford"	"Barrington"	1	2048	2710	4899	2271	2577	4943	2125	2490	4835
"NH"	2012	"Strafford"	"Dover Ward 1"	1	662	1784	2569	761	1804	2637	691	1681	2532
"NH"	2012	"Strafford"	"Dover Ward 2"	1	717	1782	2599	816	1785	2670	745	1686	2573
"NH"	2012	"Strafford"	"Dover Ward 3"	1	1242	1868	3173	1422	1773	3238	1272	1757	3135
"NH"	2012	"Strafford"	"Dover Ward 4"	1	1026	1878	2987	1186	1806	3033	1107	1757	2954
"NH"	2012	"Strafford"	"Dover Ward 5"	1	770	1401	2229	889	1337	2273	813	1313	2201
"NH"	2012	"Strafford"	"Dover Ward 6"	1	926	1293	2274	1088	1219	2359	967	1194	2241
"NH"	2012	"Strafford"	"Durham"	1	1862	4815	6951	2217	5074	7406	1958	4501	6804
"NH"	2012	"Strafford"	"Farmington"	1	1293	1556	2955	1429	1545	3013	1296	1470	2922
"NH"	2012	"Strafford"	"Lee"	1	819	1673	2559	921	1621	2593	864	1587	2537
"NH"	2012	"Strafford"	"Madbury"	1	439	681	1145	466	673	1157	439	657	1133
"NH"	2012	"Strafford"	"Middleton"	1	379	459	858	439	416	873	394	413	846
"NH"	2012	"Strafford"	"Milton"	1	995	1182	2236	1124	1104	2261	984	1092	2189
"NH"	2012	"Strafford"	"New Durham"	1	808	750	1599	889	699	1618	791	713	1572
"NH"	2012	"Strafford"	"Rochester Ward 1"	1	1043	1347	2456	1204	1265	2505	1009	1264	2388
"NH"	2012	"Strafford"	"Rochester Ward 2"	1	1103	1357	2538	1260	1263	2572	1137	1244	2501
"NH"	2012	"Strafford"	"Rochester Ward 3"	1	1068	1357	2521	1259	1249	2517	1115	1257	2373
"NH"	2012	"Strafford"	"Rochester Ward 4"	1	860	1248	2220	965	1250	2263	848	1219	2196
"NH"	2012	"Strafford"	"Rochester Ward 5"	1	1030	1329	2450	1212	1254	2503	1060	1207	2423
"NH"	2012	"Strafford"	"Rochester Ward 6"	1	803	1259	2065	916	1212	2176	819	1178	1999
"NH"	2012	"Strafford"	"Rollinsford"	1	577	900	1529	680	837	1553	608	837	1517
"NH"	2012	"Strafford"	"Somersworth Ward 1"	1	493	743	1270	577	690	1293	495	697	1261
"NH"	2012	"Strafford"	"Somersworth Ward 2"	1	368	666	1063	425	634	1082	379	611	1044
"NH"	2012	"Strafford"	"Somersworth Ward 3"	1	396	577	1008	420	545	991	414	533	997
"NH"	2012	"Strafford"	"Somersworth Ward 4"	1	366	645	1048	426	630	1069	381	616	1040
"NH"	2012	"Strafford"	"Somersworth Ward 5"	1	217	542	759	253	529	787	223	594	817
"NH"	2012	"Strafford"	"Strafford"	1	1077	1318	2430	1214	1235	2482	1117	1213	2396
"NH"	2012	"Sullivan"	"Acworth"	2	191	323	533	212	316	541	208	306	531
"NH"	2012	"Sullivan"	"Charlestown"	2	732	1388	2215	856	1365	2262	836	1195	2160
"NH"	2012	"Sullivan"	"Claremont Ward 1"	2	547	983	1606	596	990	1624	625	851	1572
"NH"	2012	"Sullivan"	"Claremont Ward 2"	2	766	1281	2099	862	1277	2157	855	1095	2046
"NH"	2012	"Sullivan"	"Claremont Ward 3"	2	600	1086	1753	689	1085	1804	722	931	1746
"NH"	2012	"Sullivan"	"Cornish"	2	330	644	1072	395	635	1045	407	575	1017
"NH"	2012	"Sullivan"	"Croydon"	2	210	210	431	233	196	441	224	180	420
"NH"	2012	"Sullivan"	"Goshen"	2	183	232	434	202	227	438	202	196	420
"NH"	2012	"Sullivan"	"Grantham"	2	725	1190	1966	831	1144	1994	839	1068	1960
"NH"	2012	"Sullivan"	"Langdon"	2	132	237	384	164	223	393	157	207	382
"NH"	2012	"Sullivan"	"Lempster"	2	275	285	578	316	294	619	304	260	591
"NH"	2012	"Sullivan"	"Newport*"	2	1197	1466	2757	1310	1448	2814	1282	1254	2772
"NH"	2012	"Sullivan"	"Plainfield"	2	391	961	1397	457	976	1456	472	888	1398
"NH"	2012	"Sullivan"	"Springfield"	2	343	386	754	398	365	775	390	325	747
"NH"	2012	"Sullivan"	"Sunapee"	2	948	1006	1994	1075	916	2029	1047	844	1962
"NH"	2012	"Sullivan"	"Unity"	2	306	414	754	359	424	794	337	382	757
"NH"	2012	"Sullivan"	"Washington"	2	290	279	600	314	285	611	310	245	592
