state	year	precinct	precinct_code	g2012_USP_dv	g2012_USP_ldv	g2012_USP_adv	g2012_USP_rv	g2012_USP_lrv	g2012_USP_arv	g2012_USS_dv	g2012_USS_ldv	g2012_USS_adv	g2012_USS_rv	g2012_USS_lrv	g2012_USS_arv	g2012_USP_tv	g2012_USP_atv	g2012_USP_ltv	g2012_USS_tv	g2012_USS_atv	g2012_USS_ltv	cd	g2012_USH_dv	g2012_USH_ldv	g2012_USH_adv	g2012_USH_rv	g2012_USH_lrv	g2012_USH_arv	g2012_USH_tv	g2012_USH_atv	g2012_USH_ltv	ld	g2012_STH_dv	g2012_STH_ldv	g2012_STH_adv	g2012_STH_rv	g2012_STH_lrv	g2012_STH_arv	g2012_STH_tv	g2012_STH_atv	g2012_STH_ltv	sd	g2012_STS_dv	g2012_STS_ldv	g2012_STS_adv	g2012_STS_rv	g2012_STS_lrv	g2012_STS_arv	g2012_STS_tv	g2012_STS_atv	g2012_STS_ltv
"RI"	2012	"Barrington 0101"	101	936	888	48	632	583	49	959	910	49	584	534	50	1603	104	1499	1545	100	1445	1	701	658	43	769	720	49	1593	103	1490	66	890	836	54	560	522	38	1548	98	1450	32				1127	1047	80	1158	82	1076
"RI"	2012	"Barrington 0102"	102	1263	1180	83	748	697	51	1255	1168	87	690	645	45	2042	134	1908	1945	132	1813	1	948	881	67	913	856	57	2005	134	1871	66	1222	1138	84	634	594	40	1954	127	1827	32				1296	1214	82	1346	84	1262
"RI"	2012	"Barrington 0103"	103	952	853	99	757	694	63	938	847	91	700	634	66	1721	163	1558	1641	157	1484	1	718	642	76	911	833	78	1703	159	1544	66	980	889	91	630	571	59	1659	156	1503	32				1198	1082	116	1228	123	1105
"RI"	2012	"Barrington 0104"	104	1240	1154	86	782	731	51	1242	1152	90	751	698	53	2073	144	1929	1998	143	1855	1	898	826	72	1029	966	63	2058	144	1914	67	982	914	68	1008	932	76	1994	145	1849	32				1442	1335	107	1480	108	1372
"RI"	2012	"Barrington 0105"	105	1067	983	84	871	784	87	1087	1005	82	809	726	83	1968	175	1793	1900	166	1734	1	816	756	60	1013	913	100	1952	170	1782	67	827	770	57	1058	954	104	1886	161	1725	32				1375	1256	119	1412	123	1289
"RI"	2012	"Barrington Limited"	106	1	1	0	0	0	0	1	1	0	0	0	0	1	0	1	1	0	1	1	1	1	0	0	0	0	1	0	1																				
"RI"	2012	"Barrington President"	107	98	84	14	46	32	14							148	30	118	0	0	0																														
"RI"	2012	"Bristol 0201"	201	553	516	37	395	366	29	572	537	35	351	324	27	969	66	903	924	62	862	1	417	392	25	486	449	37	954	65	889	68	575	537	38	351	326	25	927	63	864	10	780	727	53				797	53	744
"RI"	2012	"Bristol 0202"	202	342	332	10	176	162	14	342	329	13	165	154	11	531	24	507	508	24	484	1	277	267	10	220	208	12	528	24	504	68	354	338	16	154	147	7	509	23	486	11				305	289	16	313	16	297
"RI"	2012	"Bristol 0203"	203	1147	1070	77	876	798	78	1157	1072	85	792	721	71	2060	157	1903	1952	156	1796	1	870	805	65	1040	961	79	2030	156	1874	68	1155	1081	74	798	717	81	1958	155	1803	32				1354	1237	117	1385	121	1264
"RI"	2012	"Bristol 0204"	204	877	789	88	439	409	30	856	767	89	393	369	24	1340	119	1221	1252	113	1139	1	666	590	76	563	526	37	1317	116	1201	68	916	825	91	348	326	22	1264	113	1151	32				767	706	61	786	62	724
"RI"	2012	"Bristol 0205"	205	926	884	42	600	580	20	960	919	41	515	497	18	1554	64	1490	1477	59	1418	1	666	633	33	764	738	26	1521	61	1460	69	1223	1176	47				1243	48	1195	10	1214	1171	43				1232	46	1186
"RI"	2012	"Bristol 0206"	206	840	795	45	378	357	21	813	771	42	346	327	19	1238	66	1172	1160	61	1099	1	655	617	38	495	472	23	1218	64	1154	69	1015	964	51				1025	53	972	10	994	945	49				996	49	947
"RI"	2012	"Bristol 0207"	207	572	536	36	397	376	21	551	514	37	371	352	19	982	58	924	922	56	866	1	443	416	27	447	422	25	943	54	889	69	686	645	41				695	41	654	11				631	599	32	639	32	607
"RI"	2012	"Bristol 0208"	208	704	665	39	288	257	31	689	643	46	262	240	22	1013	70	943	953	68	885	1	566	532	34	370	334	36	993	70	923	69	776	727	49				787	49	738	11				592	558	34	609	35	574
"RI"	2012	"Bristol 0209"	209	163	158	5	66	65	1	165	159	6	60	60	0	238	6	232	226	6	220	1	134	129	5	80	79	1	233	6	227	69	178	173	5				184	5	179	32				132	131	1	136	1	135
"RI"	2012	"Bristol Limited"	210	6	6	0	0	0	0	4	4	0	1	1	0	6	0	6	5	0	5	1	5	5	0	1	1	0	6	0	6																				
"RI"	2012	"Bristol President"	211	229	223	6	92	80	12							336	18	318	0	0	0																														
"RI"	2012	"Burrillville 0301"	301	609	546	63	459	419	40	646	579	67	426	394	32	1102	104	998	1074	99	975	2	624	556	68	361	335	26	1076	99	977	47	650	584	66	432	399	33	1083	99	984	23	706	635	71	370	341	29	1076	100	976
"RI"	2012	"Burrillville 0302"	302	636	577	59	512	483	29	671	603	68	460	440	20	1171	88	1083	1132	88	1044	2	669	604	65	378	364	14	1148	85	1063	47	614	553	61	533	511	22	1148	83	1065	23	715	645	70	428	412	16	1143	86	1057
"RI"	2012	"Burrillville 0303"	303	753	709	44	685	657	28	788	742	46	627	602	25	1468	74	1394	1419	72	1347	2	762	716	46	568	549	19	1445	73	1372	47	697	647	50	743	719	24	1441	74	1367	23	827	782	45	614	586	28	1442	73	1369
"RI"	2012	"Burrillville 0304"	304	537	506	31	360	334	26	554	519	35	321	297	24	921	62	859	878	60	818	2	525	488	37	289	267	22	892	62	830	47	505	470	35	390	364	26	896	61	835	23	590	547	43	308	289	19	898	62	836
"RI"	2012	"Burrillville 0305"	305	534	510	24	421	400	21	570	543	27	380	363	17	988	47	941	951	44	907	2	561	535	26	332	315	17	983	46	937	47	541	512	29	440	423	17	981	46	935	23	631	602	29	353	336	17	984	46	938
"RI"	2012	"Burrillville 0306"	306	543	523	20	570	557	13	576	556	20	527	513	14	1145	34	1111	1106	34	1072	2	533	517	16	500	485	15	1119	31	1088	48	352	342	10	600	584	16	1104	29	1075	23	590	574	16	516	501	15	1107	31	1076
"RI"	2012	"Burrillville Limited"	307	0	0	0	0	0	0	0	0	0	0	0	0	0	0	0	0	0	0	2	0	0	0	0	0	0	0	0	0																				
"RI"	2012	"Burrillville President"	308	54	54	0	37	37	0							94	0	94	0	0	0																														
"RI"	2012	"Central Falls 0401"	401	509	494	15	68	62	6	483	465	18	71	67	4	589	23	566	557	22	535	1	447	432	15	103	96	7	570	23	547	56	490	471	19				500	19	481	16	465	446	19				542	22	520
"RI"	2012	"Central Falls 0402"	402	291	286	5	57	56	1	278	273	5	51	50	1	353	6	347	330	6	324	1	269	264	5	55	54	1	341	6	335	56	299	293	6				307	6	301	16	291	285	6				326	6	320
"RI"	2012	"Central Falls 0403"	403	619	563	56	66	54	12	596	535	61	75	65	10	696	69	627	672	71	601	1	545	495	50	109	91	18	686	71	615	56	605	540	65				615	65	550	16	608	547	61				675	71	604
"RI"	2012	"Central Falls 0404"	404	528	486	42	66	56	10	514	473	41	67	56	11	602	53	549	587	53	534	1	468	436	32	94	78	16	594	50	544	56	528	479	49				551	49	502	16	540	493	47				582	51	531
"RI"	2012	"Central Falls 0405"	405	223	215	8	33	32	1	222	214	8	28	27	1	257	9	248	251	9	242	1	204	196	8	42	41	1	254	9	245	56	227	219	8				230	8	222	16	215	208	7				240	9	231
"RI"	2012	"Central Falls 0406"	406	343	316	27	97	93	4	335	308	27	89	85	4	446	32	414	425	32	393	1	281	256	25	133	127	6	439	32	407	57	364	339	25				370	26	344	16	343	318	25				417	30	387
"RI"	2012	"Central Falls 0407"	407	144	141	3	24	22	2	130	128	2	21	19	2	168	5	163	152	4	148	1	118	116	2	31	29	2	152	4	148	57	136	133	3				137	3	134	16	140	136	4				155	4	151
"RI"	2012	"Central Falls 0408"	408	480	462	18	84	82	2	470	450	20	82	81	1	569	20	549	552	21	531	1	431	416	15	108	104	4	558	21	537	57	489	470	19				495	19	476	16	472	455	17				550	21	529
"RI"	2012	"Central Falls Limited"	409	18	18	0	0	0	0	18	18	0	0	0	0	19	0	19	18	0	18	1	17	17	0	1	1	0	18	0	18																				
"RI"	2012	"Central Falls President"	410	255	251	4	17	17	0							272	4	268	0	0	0																														
"RI"	2012	"Charlestown 0501"	501	693	660	33	395	369	26	686	649	37	389	367	22	1119	60	1059	1077	59	1018	2	563	526	37	336	319	17	1092	60	1032	36	710	672	38	233	221	12	1067	55	1012	34	663	631	32	376	351	25	1040	57	983
"RI"	2012	"Charlestown 0502"	502	674	642	32	419	395	24	646	613	33	447	418	29	1144	63	1081	1094	62	1032	2	549	517	32	367	347	20	1121	62	1059	36	707	671	36	279	258	21	1102	61	1041	34	644	612	32	421	396	25	1066	57	1009
"RI"	2012	"Charlestown 0503"	503	559	526	33	457	427	30	546	517	29	446	413	33	1034	65	969	995	63	932	2	471	441	30	397	366	31	1013	63	950	36	608	574	34	296	275	21	995	60	935	38				710	666	44	730	47	683
"RI"	2012	"Charlestown 0504"	504	461	427	34	331	306	25	436	401	35	328	308	20	805	59	746	766	55	711	2	385	358	27	294	270	24	788	57	731	36	522	489	33	202	184	18	781	54	727	38				525	491	34	533	34	499
"RI"	2012	"Charlestown Limited"	505	6	6	0	1	1	0	6	6	0	1	1	0	8	0	8	7	0	7	2	2	2	0	2	2	0	7	0	7																				
"RI"	2012	"Charlestown President"	506	52	47	5	13	13	0							67	6	61	0	0	0																														
"RI"	2012	"Coventry 0601"	601	499	481	18	404	392	12	531	511	20	368	357	11	937	31	906	904	31	873	2	462	446	16	347	334	13	922	31	891	25	688	663	25				704	26	678	33	567	547	20	338	328	10	910	30	880
"RI"	2012	"Coventry 0602"	602	161	152	9	92	88	4	163	154	9	95	91	4	262	13	249	258	13	245	2	151	143	8	83	78	5	254	13	241	25	200	189	11				204	11	193	33	161	152	9	88	84	4	249	13	236
"RI"	2012	"Coventry 0603"	603	797	742	55	595	566	29	793	742	51	570	543	27	1426	84	1342	1368	79	1289	2	744	694	50	531	505	26	1404	80	1324	26	595	561	34	781	741	40	1381	75	1306	33	807	762	45	568	541	27	1378	73	1305
"RI"	2012	"Coventry 0604"	604	546	518	28	365	355	10	554	528	26	345	333	12	935	38	897	903	38	865	2	520	497	23	335	322	13	921	37	884	27	600	574	26	304	294	10	904	36	868	33	564	536	28	340	333	7	906	35	871
"RI"	2012	"Coventry 0605"	605	534	520	14	457	440	17	507	491	16	454	440	14	1011	31	980	961	30	931	2	490	475	15	428	413	15	995	31	964	28	536	521	15	430	415	15	966	30	936	21	444	429	15	527	512	15	972	30	942
"RI"	2012	"Coventry 0606"	606	286	275	11	257	250	7	296	285	11	253	246	7	562	19	543	550	18	532	2	276	265	11	240	234	6	555	20	535	28	304	294	10	239	230	9	543	19	524	21	260	249	11	281	273	8	541	19	522
"RI"	2012	"Coventry 0607"	607	729	695	34	556	536	20	738	706	32	513	494	19	1316	55	1261	1253	51	1202	2	726	694	32	469	448	21	1298	56	1242	28	777	745	32	489	467	22	1267	54	1213	21	687	659	28	589	563	26	1276	54	1222
"RI"	2012	"Coventry 0608"	608	766	741	25	508	483	25	776	743	33	482	465	17	1305	50	1255	1259	50	1209	2	727	699	28	456	436	20	1285	50	1235	28	796	767	29	471	450	21	1267	50	1217	21	705	678	27	563	540	23	1268	50	1218
"RI"	2012	"Coventry 0609"	609	559	537	22	445	413	32	541	519	22	449	419	30	1033	54	979	992	52	940	2	530	509	21	416	386	30	1020	53	967	28	576	558	18	407	377	30	987	49	938	33	639	615	24	361	337	24	1003	49	954
"RI"	2012	"Coventry 0610"	610	380	356	24	221	216	5	375	351	24	207	202	5	616	29	587	585	29	556	2	379	355	24	199	194	5	617	29	588	28	400	377	23	200	195	5	602	28	574	33	404	380	24	206	201	5	612	29	583
"RI"	2012	"Coventry 0611"	611	540	505	35	423	400	23	565	529	36	380	358	22	981	60	921	948	58	890	2	512	483	29	389	366	23	973	58	915	28	541	514	27	410	382	28	956	56	900	33	626	593	33	330	308	22	962	56	906
"RI"	2012	"Coventry 0612"	612	558	538	20	359	345	14	574	552	22	318	305	13	943	34	909	894	35	859	2	510	493	17	335	318	17	930	36	894	29	598	582	16	331	312	19	929	35	894	33	530	509	21	390	375	15	925	36	889
"RI"	2012	"Coventry 0613"	613	504	480	24	333	313	20	504	479	25	318	301	17	865	45	820	825	42	783	2	481	456	25	311	295	16	851	42	809	29	526	504	22	322	302	20	849	42	807	33	551	526	25	293	276	17	844	42	802
"RI"	2012	"Coventry 0614"	614	265	220	45	127	115	12	260	221	39	120	104	16	398	57	341	382	55	327	2	252	214	38	120	105	15	394	57	337	29	272	238	34	109	91	18	383	52	331	33	299	259	40	85	73	12	385	52	333
"RI"	2012	"Coventry 0615"	615	526	496	30	597	551	46	538	506	32	568	525	43	1143	76	1067	1107	75	1032	2	528	501	27	533	487	46	1126	77	1049	29	605	573	32	510	465	45	1117	77	1040	33	662	616	46	456	425	31	1119	77	1042
"RI"	2012	"Coventry 0616"	616	622	596	26	482	463	19	641	611	30	454	437	17	1136	46	1090	1098	47	1051	2	608	581	27	418	399	19	1111	47	1064	29	693	661	32	418	405	13	1112	45	1067	33	676	645	31	416	401	15	1096	46	1050
"RI"	2012	"Coventry 0617"	617	437	417	20	432	422	10	431	411	20	417	405	12	897	32	865	850	32	818	2	429	410	19	374	363	11	888	32	856	40	376	365	11	481	466	15	858	26	832	21	367	357	10	518	500	18	885	28	857
"RI"	2012	"Coventry 0618"	618	253	233	20	233	217	16	245	225	20	237	223	14	493	36	457	483	34	449	2	241	222	19	215	203	12	489	33	456	40	232	216	16	243	228	15	476	31	445	33	277	259	18	210	195	15	487	33	454
"RI"	2012	"Coventry Limited"	619	0	0	0	0	0	0	0	0	0	0	0	0	0	0	0	0	0	0	2	0	0	0	0	0	0	0	0	0																				
"RI"	2012	"Coventry President"	620	160	158	2	83	81	2							247	4	243	0	0	0																														
"RI"	2012	"Cranston 0701"	701	925	871	54	305	289	16	901	850	51	284	266	18	1252	73	1179	1188	69	1119	2	910	853	57	271	254	17	1229	75	1154	14	1054	992	62				1070	62	1008	26	996	938	58	223	207	16	1222	74	1148
"RI"	2012	"Cranston 0702"	702	758	723	35	268	254	14	764	723	41	229	221	8	1038	49	989	995	49	946	2	741	706	35	224	212	12	1013	48	965	14	868	824	44				882	44	838	26	806	771	35	204	193	11	1013	46	967
"RI"	2012	"Cranston 0703"	703	530	507	23	280	266	14	525	496	29	251	243	8	827	37	790	785	37	748	2	528	499	29	239	233	6	814	36	778	14	645	616	29				663	29	634	26	575	546	29	227	220	7	806	36	770
"RI"	2012	"Cranston 0704"	704	217	215	2	84	78	6	209	205	4	79	75	4	306	9	297	289	9	280	2	197	196	1	80	73	7	301	9	292	14	237	231	6				238	6	232	28	198	195	3	85	79	6	285	9	276
"RI"	2012	"Cranston 0705"	705	220	219	1	77	74	3	217	215	2	72	70	2	302	5	297	289	4	285	2	193	192	1	78	75	3	297	4	293	14	245	242	3				250	3	247	28	199	198	1	87	84	3	286	4	282
"RI"	2012	"Cranston 0706"	706	739	711	28	971	905	66	767	728	39	854	800	54	1731	96	1635	1625	93	1532	2	769	732	37	834	783	51	1700	95	1605	15	894	852	42	764	715	49	1662	91	1571	26	926	884	42	768	716	52	1697	94	1603
"RI"	2012	"Cranston 0707"	707	707	678	29	772	741	31	725	693	32	694	666	28	1501	63	1438	1424	61	1363	2	729	696	33	640	614	26	1478	62	1416	15	804	773	31	641	611	30	1447	61	1386	26	762	728	34	699	671	28	1463	62	1401
"RI"	2012	"Cranston 0708"	708	950	918	32	716	670	46	949	911	38	652	614	38	1699	78	1621	1614	76	1538	2	907	878	29	647	603	44	1684	77	1607	15	979	942	37	650	613	37	1630	74	1556	27	791	764	27	351	325	26	1667	75	1592
"RI"	2012	"Cranston 0709"	709	1118	1039	79	899	839	60	1155	1071	84	781	731	50	2044	141	1903	1936	134	1802	2	1025	957	68	839	781	58	2008	136	1872	15	1179	1092	87	737	692	45	1922	132	1790	27	871	803	68	429	400	29	1977	133	1844
"RI"	2012	"Cranston 0710"	710	905	865	40	421	407	14	868	827	41	432	417	15	1359	56	1303	1303	56	1247	2	821	786	35	413	398	15	1341	56	1285	16	1032	988	44				1061	46	1015	27	709	681	28	267	257	10	1326	54	1272
"RI"	2012	"Cranston 0711"	711	713	681	32	513	490	23	706	672	34	470	447	23	1244	56	1188	1181	57	1124	2	657	622	35	440	420	20	1215	58	1157	16	901	858	43				926	43	883	27	572	545	27	252	234	18	1213	59	1154
"RI"	2012	"Cranston 0712"	712	791	712	79	805	750	55	820	747	73	712	657	55	1612	135	1477	1535	129	1406	2	787	719	68	690	632	58	1583	133	1450	16	1130	1026	104				1165	106	1059	27	550	502	48	284	260	24	1590	132	1458
"RI"	2012	"Cranston 0713"	713	752	721	31	611	579	32	767	734	33	531	507	24	1381	63	1318	1302	57	1245	2	743	714	29	532	503	29	1355	59	1296	16	1073	1031	42				1116	47	1069	27	642	623	19	239	223	16	1349	59	1290
"RI"	2012	"Cranston 0714"	714	221	220	1	85	81	4	228	227	1	75	71	4	314	5	309	305	5	300	2	217	216	1	74	70	4	309	5	304	16	257	255	2				263	4	259	28	223	222	1	73	69	4	298	5	293
"RI"	2012	"Cranston 0715"	715	587	564	23	331	312	19	572	550	22	317	299	18	936	42	894	892	40	852	2	548	527	21	314	298	16	912	40	872	16	681	655	26				704	26	678	28	541	522	19	322	306	16	865	35	830
"RI"	2012	"Cranston 0716"	716	745	698	47	488	456	32	756	703	53	427	405	22	1260	80	1180	1184	75	1109	2	754	704	50	409	385	24	1250	79	1171	17	808	753	55	380	359	21	1190	76	1114	26	838	782	56	403	380	23	1244	79	1165
"RI"	2012	"Cranston 0717"	717	355	340	15	155	151	4	357	342	15	136	132	4	518	20	498	496	19	477	2	333	319	14	139	134	5	507	19	488	17	356	341	15	128	125	3	484	18	466	27	294	285	9	82	79	3	496	18	478
"RI"	2012	"Cranston 0718"	718	419	401	18	263	252	11	432	413	19	228	217	11	697	29	668	662	30	632	2	405	390	15	240	227	13	682	30	652	17	430	412	18	209	197	12	643	30	613	27	336	319	17	120	112	8	677	30	647
"RI"	2012	"Cranston 0719"	719	722	683	39	500	466	34	708	671	37	461	425	36	1238	73	1165	1174	73	1101	2	702	666	36	427	395	32	1216	71	1145	17	812	769	43	349	321	28	1165	71	1094	27	583	550	33	231	211	20	1205	70	1135
"RI"	2012	"Cranston 0720"	720	211	199	12	210	197	13	210	201	9	195	182	13	427	25	402	405	22	383	2	218	207	11	178	166	12	421	24	397	17	235	227	8	172	161	11	409	19	390	27	158	148	10	97	90	7	420	22	398
"RI"	2012	"Cranston 0721"	721	991	956	35	388	370	18	963	930	33	391	371	20	1409	56	1353	1354	53	1301	2	900	864	36	378	362	16	1381	54	1327	17	961	925	36	359	344	15	1324	51	1273	28	915	883	32	392	374	18	1308	50	1258
"RI"	2012	"Cranston 0722"	722	501	482	19	243	232	11	486	471	15	224	213	11	757	30	727	714	26	688	2	467	449	18	227	216	11	736	30	706	17	530	513	17	169	157	12	700	29	671	28	477	463	14	225	212	13	703	27	676
"RI"	2012	"Cranston 0723"	723	1270	1207	63	332	321	11	1229	1162	67	356	347	9	1639	76	1563	1595	76	1519	2	1122	1060	62	333	324	9	1611	77	1534	18	1073	1016	57	288	278	10	1589	72	1517	28	1170	1107	63	416	404	12	1591	75	1516
"RI"	2012	"Cranston 0724"	724	1020	924	96	330	305	25	971	875	96	351	327	24	1385	124	1261	1323	120	1203	2	854	767	87	324	302	22	1361	120	1241	18	794	726	68	285	258	27	1312	108	1204	28	868	790	78	461	427	34	1330	112	1218
"RI"	2012	"Cranston 0725"	725	1305	1253	52	451	427	24	1241	1191	50	461	438	23	1786	76	1710	1706	73	1633	2	1141	1093	48	397	373	24	1772	76	1696	18	1065	1027	38	333	315	18	1712	70	1642	28	1179	1139	40	526	496	30	1709	70	1639
"RI"	2012	"Cranston 0726"	726	735	713	22	290	281	9	721	695	26	301	293	8	1045	33	1012	1023	34	989	2	683	661	22	267	258	9	1035	34	1001	18	592	574	18	252	244	8	1005	32	973	28	671	648	23	327	316	11	1001	34	967
"RI"	2012	"Cranston 0727"	727	511	495	16	213	205	8	488	473	15	213	204	9	740	26	714	702	25	677	2	417	405	12	197	189	8	717	25	692	19	546	531	15				561	17	544	28	458	444	14	246	236	10	704	24	680
"RI"	2012	"Cranston 0728"	728	13	1	12	7	0	7	16	1	15	3	0	3	21	20	1	19	18	1	2	13	0	13	4	0	4	18	18	0	20	13	0	13				13	13	0	27	11	0	11	5	0	5	18	18	0
"RI"	2012	"Cranston 0730"	730	901	858	43	1189	1140	49	963	920	43	1058	1009	49	2109	94	2015	2026	92	1934	2	929	887	42	1015	973	42	2067	90	1977	41	1000	962	38	857	817	40	1974	86	1888	26	1050	1006	44	1011	965	46	2067	90	1977
"RI"	2012	"Cranston 0731"	731	932	896	36	647	619	28	937	899	38	577	554	23	1599	64	1535	1514	61	1453	2	895	859	36	561	536	25	1555	62	1493	42	1206	1152	54				1217	54	1163	26	1056	1016	40	504	481	23	1563	63	1500
"RI"	2012	"Cranston Limited"	732	9	8	1	3	3	0	9	8	1	3	3	0	12	1	11	12	1	11	2	8	7	1	2	2	0	11	1	10																				
"RI"	2012	"Cranston President"	733	615	574	41	161	147	14							782	55	727	0	0	0																														
"RI"	2012	"Cumberland 0801"	801	586	575	11	447	427	20	597	585	12	403	385	18	1051	32	1019	1001	30	971	1	400	393	7	591	567	24	1046	32	1014	45	778	760	18				793	18	775	19	554	542	12	339	323	16	992	30	962
"RI"	2012	"Cumberland 0802"	802	781	734	47	640	604	36	810	764	46	564	527	37	1438	84	1354	1375	83	1292	1	518	483	35	846	800	46	1428	86	1342	45	1076	1013	63				1111	64	1047	20	1050	984	66				1066	67	999
"RI"	2012	"Cumberland 0803"	803	1197	1148	49	877	850	27	1247	1203	44	777	748	29	2107	77	2030	2027	73	1954	1	888	849	39	1069	1035	34	2081	76	2005	45	1636	1586	50				1692	50	1642	20	1618	1564	54				1648	54	1594
"RI"	2012	"Cumberland 0804"	804	181	175	6	147	143	4	197	193	4	124	119	5	334	10	324	322	9	313	1	135	131	4	174	169	5	327	9	318	51	165	159	6	143	140	3	309	9	300	20	245	238	7				248	7	241
"RI"	2012	"Cumberland 0805"	805	991	959	32	640	617	23	1026	993	33	575	552	23	1669	58	1611	1603	57	1546	1	686	666	20	848	815	33	1653	57	1596	52	1261	1221	40				1293	41	1252	19	944	914	30	519	501	18	1611	53	1558
"RI"	2012	"Cumberland 0806"	806	888	834	54	682	624	58	939	870	69	587	551	36	1600	115	1485	1533	105	1428	1	587	558	29	903	823	80	1596	115	1481	52	1198	1126	72				1230	73	1157	19	835	796	39	546	493	53	1544	100	1444
"RI"	2012	"Cumberland 0807"	807	915	859	56	1044	990	54	964	909	55	916	864	52	1984	111	1873	1884	108	1776	1	581	538	43	1296	1235	61	1972	112	1860	52	1387	1309	78				1415	80	1335	19	821	769	52	766	730	36	1897	98	1799
"RI"	2012	"Cumberland 0808"	808	887	814	73	1063	996	67	896	816	80	1000	942	58	1989	143	1846	1900	138	1762	1	551	499	52	1339	1250	89	1975	141	1834	52	1319	1222	97				1382	101	1281	19	799	739	60	835	780	55	1888	127	1761
"RI"	2012	"Cumberland 0809"	809	302	294	8	320	309	11	321	310	11	286	277	9	633	20	613	607	20	587	1	192	184	8	419	408	11	634	20	614	52	428	416	12				443	13	430	20	433	422	11				443	12	431
"RI"	2012	"Cumberland 0810"	810	810	787	23	318	305	13	803	776	27	267	259	8	1147	36	1111	1072	35	1037	1	629	609	20	414	399	15	1121	36	1085	57	904	877	27				919	27	892	19	751	731	20	230	219	11	1095	33	1062
"RI"	2012	"Cumberland 0811"	811	904	877	27	448	431	17	907	879	28	400	383	17	1374	48	1326	1313	45	1268	1	656	638	18	627	600	27	1358	48	1310	57	1112	1073	39				1142	40	1102	19	838	813	25	341	328	13	1321	48	1273
"RI"	2012	"Cumberland 0812"	812	673	639	34	421	398	23	678	644	34	383	360	23	1112	58	1054	1064	57	1007	1	465	438	27	571	540	31	1096	58	1038	57	846	805	41				868	44	824	19	598	572	26	370	343	27	1071	56	1015
"RI"	2012	"Cumberland Limited"	813	3	3	0	0	0	0	3	3	0	0	0	0	3	0	3	3	0	3	1	3	3	0	0	0	0	3	0	3																				
"RI"	2012	"Cumberland President"	814	173	165	8	59	57	2							235	11	224	0	0	0																														
"RI"	2012	"East Greenwich 0901"	901	172	160	12	217	198	19	172	162	10	204	185	19	393	31	362	376	29	347	2	180	167	13	182	169	13	382	30	352	30	161	146	15	187	177	10	379	30	349	33	173	155	18	196	185	11	369	29	340
"RI"	2012	"East Greenwich 0902"	902	778	698	80	1009	937	72	787	714	73	954	879	75	1816	153	1663	1743	148	1595	2	772	700	72	919	847	72	1792	152	1640	30	713	644	69	841	771	70	1754	150	1604	35	545	493	52	1127	1041	86	1678	139	1539
"RI"	2012	"East Greenwich 0903"	903	851	777	74	577	532	45	797	724	73	598	553	45	1458	120	1338	1399	118	1281	2	754	686	68	520	482	38	1428	116	1312	30	703	632	71	445	420	25	1397	117	1280	35	653	596	57	688	635	53	1344	110	1234
"RI"	2012	"East Greenwich 0904"	904	858	757	101	834	760	74	851	754	97	799	727	72	1723	177	1546	1653	169	1484	2	801	705	96	772	707	65	1689	169	1520	30	739	661	78	685	626	59	1654	160	1494	35	597	536	61	960	876	84	1560	145	1415
"RI"	2012	"East Greenwich 0905"	905	804	740	64	961	889	72	773	708	65	944	875	69	1792	138	1654	1722	134	1588	2	746	682	64	905	837	68	1753	136	1617	30	746	681	65	855	804	51	1726	132	1594	35	555	510	45	1104	1023	81	1666	126	1540
"RI"	2012	"East Greenwich Limited"	906	2	2	0	5	5	0	2	2	0	5	5	0	7	0	7	7	0	7	2	3	3	0	4	4	0	7	0	7																				
"RI"	2012	"East Greenwich President"	907	70	69	1	46	45	1							119	2	117	0	0	0																														
"RI"	2012	"East Providence 1001"	1001	1055	1022	33	533	507	26	1054	1016	38	490	470	20	1622	61	1561	1547	58	1489	1	805	780	25	713	686	27	1624	57	1567	63	1033	996	37				1531	53	1478	14	1231	1186	45				1271	46	1225
"RI"	2012	"East Providence 1002"	1002	907	853	54	261	241	20	858	806	52	257	236	21	1184	74	1110	1117	73	1044	1	763	719	44	331	310	21	1161	71	1090	63	838	790	48				1061	64	997	14	984	929	55				1002	56	946
"RI"	2012	"East Providence 1003"	1003	619	605	14	157	151	6	585	569	16	146	142	4	789	21	768	734	20	714	1	533	520	13	188	180	8	772	21	751	63	575	557	18				718	21	697	14	627	610	17				650	17	633
"RI"	2012	"East Providence 1004"	1004	909	870	39	468	446	22	878	837	41	441	419	22	1402	62	1340	1324	63	1261	1	728	696	32	589	559	30	1391	63	1328	63	876	838	38				1309	57	1252	18	1067	1018	49				1098	50	1048
"RI"	2012	"East Providence 1005"	1005	796	750	46	486	450	36	785	735	50	460	429	31	1314	85	1229	1247	81	1166	1	590	561	29	618	571	47	1295	83	1212	63	724	676	48				1218	71	1147	18	947	895	52				967	52	915
"RI"	2012	"East Providence 1006"	1006	72	66	6	22	22	0	68	63	5	20	19	1	95	6	89	88	6	82	1	53	48	5	32	31	1	92	6	86	63	70	69	1				81	1	80	18	72	71	1				73	1	72
"RI"	2012	"East Providence 1007"	1007	123	84	39	31	23	8	119	77	42	30	26	4	155	47	108	149	46	103	1	117	79	38	31	24	7	155	47	108	63	111	76	35				143	41	102	18	127	88	39				128	39	89
"RI"	2012	"East Providence 1008"	1008	1232	1167	65	282	261	21	1156	1096	60	266	249	17	1538	88	1450	1427	77	1350	1	1055	1000	55	360	338	22	1505	84	1421	64	1225	1177	48				1249	49	1200	14	1243	1198	45				1274	48	1226
"RI"	2012	"East Providence 1009"	1009	1211	1151	60	358	342	16	1183	1131	52	321	302	19	1594	77	1517	1507	71	1436	1	1037	991	46	455	432	23	1573	74	1499	64	1295	1233	62				1325	62	1263	14	1305	1245	60				1335	60	1275
"RI"	2012	"East Providence 1010"	1010	1210	1163	47	324	304	20	1177	1132	45	292	272	20	1563	67	1496	1473	66	1407	1	1010	968	42	436	412	24	1535	67	1468	64	1253	1209	44				1273	44	1229	14	1275	1228	47				1299	48	1251
"RI"	2012	"East Providence 1011"	1011	1372	1254	118	637	586	51	1390	1271	119	576	529	47	2041	169	1872	1973	167	1806	1	1094	1001	93	827	760	67	2035	167	1868	65	1308	1204	104				1939	146	1793	14	1553	1429	124				1605	129	1476
"RI"	2012	"East Providence 1012"	1012	519	490	29	212	205	7	510	480	30	209	200	9	757	39	718	721	39	682	1	415	390	25	271	262	9	754	38	716	65	459	439	20				698	34	664	18	598	566	32				618	33	585
"RI"	2012	"East Providence 1013"	1013	903	830	73	441	394	47	884	812	72	418	369	49	1369	122	1247	1302	121	1181	1	693	639	54	561	501	60	1357	122	1235	65	864	791	73				1262	105	1157	18	1088	1002	86				1114	89	1025
"RI"	2012	"East Providence 1014"	1014	958	923	35	449	429	20	957	918	39	424	403	21	1447	60	1387	1385	60	1325	1	754	722	32	580	555	25	1442	60	1382	65	908	874	34				1335	57	1278	18	1162	1115	47				1188	49	1139
"RI"	2012	"East Providence 1015"	1015	390	359	31	192	178	14	359	327	32	198	187	11	596	46	550	558	44	514	1	281	255	26	258	241	17	588	46	542	65	359	327	32				550	40	510	32				339	322	17	354	19	335
"RI"	2012	"East Providence 1016"	1016	564	524	40	331	315	16	584	543	41	297	282	15	924	57	867	881	56	825	1	436	405	31	420	398	22	916	57	859	66	410	383	27	272	256	16	891	54	837	18	737	694	43				752	44	708
"RI"	2012	"East Providence 1017"	1017	963	901	62	506	477	29	960	894	66	480	453	27	1509	92	1417	1442	93	1349	1	745	697	48	636	598	38	1494	92	1402	66	653	610	43	423	400	23	1439	90	1349	32				896	852	44	932	47	885
"RI"	2012	"East Providence Limited"	1018	0	0	0	0	0	0	0	0	0	0	0	0	0	0	0	0	0	0	1	0	0	0	0	0	0	0	0	0																				
"RI"	2012	"East Providence President"	1019	292	289	3	62	60	2							354	5	349	0	0	0																														
"RI"	2012	"Exeter 1101"	1101	544	529	15	366	350	16	547	533	14	363	347	16	934	31	903	911	30	881	2	478	465	13	336	319	17	922	31	891	31	413	402	11	489	469	20	904	31	873	34	522	508	14	379	363	16	901	30	871
"RI"	2012	"Exeter 1102"	1102	504	481	23	461	436	25	489	462	27	476	456	20	993	48	945	966	47	919	2	435	411	24	420	400	20	965	47	918	39	436	412	24	481	460	21	917	45	872	34	482	460	22	467	443	24	949	46	903
"RI"	2012	"Exeter 1103"	1103	643	610	33	691	663	28	651	620	31	670	641	29	1373	61	1312	1321	60	1261	2	579	550	29	627	598	29	1344	61	1283	39	587	557	30	676	646	30	1264	60	1204	34	598	575	23	700	661	39	1303	62	1241
"RI"	2012	"Exeter Limited"	1104	0	0	0	0	0	0	0	0	0	0	0	0	0	0	0	0	0	0	2	0	0	0	0	0	0	0	0	0																				
"RI"	2012	"Exeter President"	1105	52	52	0	23	23	0							81	0	81	0	0	0																														
"RI"	2012	"Federal District 1"	9941	179	0	179	41	0	41	162	0	162	36	0	36	229	229	0	198	198	0	1	146	0	146	41	0	41	197	197	0																				
"RI"	2012	"Federal District 2"	9942	89	0	89	12	0	12	81	0	81	10	0	10	104	104	0	92	92	0	2	74	0	74	10	0	10	89	89	0																				
"RI"	2012	"Foster 1201"	1201	676	651	25	558	522	36	681	655	26	550	521	29	1272	61	1211	1232	55	1177	2	634	612	22	502	473	29	1243	56	1187	40	497	479	18	714	678	36	1214	54	1160	21	624	605	19	592	558	34	1218	53	1165
"RI"	2012	"Foster 1202"	1202	585	551	34	524	497	27	588	552	36	528	501	27	1143	62	1081	1116	63	1053	2	552	515	37	468	443	25	1124	63	1061	40	412	390	22	693	657	36	1106	58	1048	21	528	493	35	592	565	27	1120	62	1058
"RI"	2012	"Foster Limited"	1203	3	3	0	2	2	0	3	3	0	2	2	0	5	0	5	5	0	5	2	1	1	0	2	2	0	5	0	5																				
"RI"	2012	"Foster President"	1204	16	14	2	7	7	0							23	2	21	0	0	0																														
"RI"	2012	"Glocester 1301"	1301	789	762	27	841	805	36	792	763	29	822	788	34	1664	63	1601	1616	63	1553	2	742	713	29	767	736	31	1634	63	1571	40	646	620	26	949	915	34	1596	60	1536	23	847	812	35	792	764	28	1641	63	1578
"RI"	2012	"Glocester 1302"	1302	904	871	33	853	817	36	934	897	37	799	766	33	1797	70	1727	1733	70	1663	2	855	825	30	736	705	31	1749	69	1680	40	720	696	24	985	943	42	1705	66	1639	23	1007	971	36	737	706	31	1747	67	1680
"RI"	2012	"Glocester 1303"	1303	185	177	8	163	151	12	189	178	11	154	146	8	353	20	333	344	19	325	2	179	170	9	139	130	9	348	20	328	47	194	184	10	151	141	10	345	20	325	23	212	202	10	137	127	10	349	20	329
"RI"	2012	"Glocester 1304"	1304	633	599	34	523	497	26	633	596	37	532	509	23	1175	60	1115	1166	60	1106	2	573	541	32	491	465	26	1161	60	1101	53	670	635	35	444	422	22	1117	57	1060	23	665	622	43	498	485	13	1165	56	1109
"RI"	2012	"Glocester Limited"	1305	0	0	0	1	1	0	1	1	0	0	0	0	1	0	1	1	0	1	2	1	1	0	0	0	0	1	0	1																				
"RI"	2012	"Glocester President"	1306	28	28	0	29	29	0							57	0	57	0	0	0																														
"RI"	2012	"Hopkinton 1401"	1401	935	887	48	728	686	42	937	884	53	693	657	36	1702	90	1612	1630	89	1541	2	844	796	48	601	564	37	1654	88	1566	38	1068	1005	63				1584	82	1502	34	877	834	43	723	681	42	1601	85	1516
"RI"	2012	"Hopkinton 1402"	1402	838	789	49	584	555	29	832	787	45	571	538	33	1476	84	1392	1408	80	1328	2	715	678	37	487	458	29	1437	82	1355	38	919	872	47				1355	76	1279	34	807	769	38	569	531	38	1378	76	1302
"RI"	2012	"Hopkinton 1403"	1403	347	324	23	259	249	10	363	336	27	245	238	7	629	36	593	609	35	574	2	320	296	24	218	211	7	616	36	580	39	372	351	21	213	203	10	587	31	556	34	359	344	15	231	217	14	590	29	561
"RI"	2012	"Hopkinton Limited"	1404	0	0	0	0	0	0	0	0	0	0	0	0	0	0	0	0	0	0	2	0	0	0	0	0	0	0	0	0																				
"RI"	2012	"Hopkinton President"	1405	44	44	0	31	31	0							81	0	81	0	0	0																														
"RI"	2012	"Jamestown 1501"	1501	1092	980	112	639	583	56	1061	948	113	622	570	52	1779	173	1606	1687	166	1521	1	835	740	95	772	705	67	1744	172	1572	74	1207	1089	118	515	464	51	1722	169	1553	13	1146	1027	119	561	513	48	1712	169	1543
"RI"	2012	"Jamestown 1502"	1502	1063	960	103	678	615	63	1032	926	106	655	601	54	1784	169	1615	1688	160	1528	1	821	745	76	810	737	73	1769	163	1606	74	1155	1034	121	567	529	38	1723	159	1564	13	1115	1009	106	617	560	57	1733	163	1570
"RI"	2012	"Jamestown Limited"	1503	1	1	0	0	0	0	1	1	0	0	0	0	1	0	1	1	0	1	1	1	1	0	0	0	0	1	0	1																				
"RI"	2012	"Jamestown President"	1504	25	24	1	12	11	1							39	2	37	0	0	0																														
"RI"	2012	"Johnston 1601"	1601	549	534	15	356	342	14	558	541	17	335	323	12	931	29	902	901	29	872	2	539	524	15	310	300	10	919	26	893	13	699	681	18				711	18	693	25	712	693	19				724	19	705
"RI"	2012	"Johnston 1602"	1602	676	647	29	414	401	13	666	638	28	364	353	11	1106	43	1063	1034	39	995	2	669	639	30	348	341	7	1069	41	1028	42	849	815	34				868	35	833	25	811	776	35				829	36	793
"RI"	2012	"Johnston 1603"	1603	721	663	58	398	378	20	728	669	59	362	349	13	1135	78	1057	1090	72	1018	2	719	666	53	334	318	16	1118	74	1044	42	935	872	63				951	63	888	25	893	833	60				905	60	845
"RI"	2012	"Johnston 1604"	1604	635	582	53	509	475	34	669	610	59	465	440	25	1162	89	1073	1137	85	1052	2	683	624	59	421	397	24	1159	87	1072	42	912	841	71				935	73	862	25	884	813	71				907	73	834
"RI"	2012	"Johnston 1605"	1605	609	582	27	490	476	14	626	598	28	457	445	12	1116	42	1074	1089	40	1049	2	610	583	27	408	395	13	1106	41	1065	42	888	859	29				911	30	881	25	837	811	26				862	27	835
"RI"	2012	"Johnston 1606"	1606	129	127	2	91	84	7	135	131	4	77	72	5	223	9	214	212	9	203	2	133	131	2	71	64	7	217	10	207	43	139	134	5				205	7	198	22	140	136	4	69	64	5	209	9	200
"RI"	2012	"Johnston 1607"	1607	214	205	9	145	141	4	205	198	7	137	132	5	361	13	348	343	12	331	2	206	197	9	132	130	2	356	13	343	43	244	238	6				336	10	326	25	265	260	5				271	5	266
"RI"	2012	"Johnston 1608"	1608	867	835	32	476	460	16	860	828	32	448	432	16	1363	48	1315	1313	48	1265	2	843	808	35	417	404	13	1339	51	1288	43	830	797	33				1289	48	1241	25	1045	1007	38				1070	39	1031
"RI"	2012	"Johnston 1609"	1609	604	556	48	415	402	13	638	591	47	345	332	13	1033	61	972	986	60	926	2	617	577	40	331	316	15	1011	60	951	43	637	605	32				981	52	929	25	792	742	50				803	50	753
"RI"	2012	"Johnston 1610"	1610	872	835	37	677	638	39	922	886	36	589	553	36	1569	76	1493	1515	72	1443	2	895	854	41	548	519	29	1547	73	1474	43	980	937	43				1490	68	1422	25	1170	1113	57				1194	57	1137
"RI"	2012	"Johnston 1611"	1611	472	447	25	339	322	17	488	460	28	294	282	12	830	43	787	786	40	746	2	475	448	27	286	273	13	816	40	776	43	511	485	26				790	36	754	25	633	601	32				645	32	613
"RI"	2012	"Johnston 1612"	1612	497	473	24	444	424	20	532	500	32	377	365	12	954	44	910	909	44	865	2	519	487	32	367	356	11	941	44	897	43	546	517	29				906	42	864	25	711	672	39				723	39	684
"RI"	2012	"Johnston 1613"	1613	467	443	24	600	570	30	511	483	28	536	511	25	1086	54	1032	1047	53	994	2	517	487	30	501	479	22	1077	55	1022	44	656	623	33	375	356	19	1034	52	982	25	798	758	40				820	41	779
"RI"	2012	"Johnston Limited"	1614	1	1	0	0	0	0	0	0	0	1	1	0	1	0	1	1	0	1	2	1	1	0	0	0	0	1	0	1																				
"RI"	2012	"Johnston President"	1615	190	187	3	63	63	0							255	3	252	0	0	0																														
"RI"	2012	"Lincoln 1701"	1701	808	768	40	1063	985	78	872	817	55	938	880	58	1898	118	1780	1815	114	1701	1	588	548	40	1212	1135	77	1891	117	1774	44	1105	1045	60	745	693	52	1851	112	1739	17	587	541	46				1768	103	1665
"RI"	2012	"Lincoln 1702"	1702	488	467	21	352	335	17	481	457	24	332	315	17	855	42	813	813	41	772	1	335	319	16	470	447	23	846	41	805	45	616	589	27				635	27	608	17	298	289	9				801	39	762
"RI"	2012	"Lincoln 1703"	1703	724	704	20	425	417	8	742	719	23	379	371	8	1183	30	1153	1124	31	1093	1	519	506	13	579	565	14	1183	31	1152	45	886	863	23				938	24	914	17	432	421	11				1110	30	1080
"RI"	2012	"Lincoln 1704"	1704	938	905	33	673	640	33	937	896	41	608	582	26	1632	70	1562	1548	67	1481	1	631	597	34	868	835	33	1604	69	1535	46	586	560	26	511	488	23	1597	68	1529	17	454	434	20				1550	65	1485
"RI"	2012	"Lincoln 1705"	1705	691	666	25	536	509	27	705	680	25	465	438	27	1233	52	1181	1172	52	1120	1	442	426	16	695	662	33	1229	53	1176	46	469	452	17	398	378	20	1206	51	1155	17	387	373	14				1172	49	1123
"RI"	2012	"Lincoln 1706"	1706	206	195	11	164	153	11	213	202	11	145	133	12	375	23	352	360	23	337	1	139	131	8	212	198	14	371	23	348	46	125	121	4	131	122	9	358	19	339	17	111	108	3				352	19	333
"RI"	2012	"Lincoln 1707"	1707	206	197	9	171	168	3	205	195	10	162	160	2	382	12	370	367	12	355	1	144	137	7	210	207	3	380	12	368	46	135	128	7	131	129	2	368	12	356	17	86	81	5				362	12	350
"RI"	2012	"Lincoln 1708"	1708	819	745	74	704	654	50	868	788	80	615	577	38	1556	126	1430	1489	118	1371	1	609	556	53	846	786	60	1544	120	1424	46	550	501	49	565	539	26	1506	114	1392	17	465	424	41				1457	105	1352
"RI"	2012	"Lincoln 1709"	1709	308	287	21	300	287	13	315	293	22	267	258	9	618	34	584	583	31	552	1	232	219	13	344	328	16	615	34	581	46	202	190	12	209	200	9	595	32	563	17	188	177	11				569	31	538
"RI"	2012	"Lincoln 1710"	1710	360	351	9	234	221	13	343	332	11	223	212	11	600	22	578	567	22	545	1	252	244	8	305	291	14	594	22	572	46	225	219	6	185	178	7	583	19	564	19	295	291	4	207	194	13	565	19	546
"RI"	2012	"Lincoln 1711"	1711	380	369	11	198	194	4	371	360	11	199	194	5	584	15	569	570	16	554	1	274	267	7	265	257	8	582	16	566	46	264	253	11	129	127	2	568	16	552	19	309	301	8	185	180	5	556	16	540
"RI"	2012	"Lincoln Limited"	1712	0	0	0	1	1	0	0	0	0	1	1	0	1	0	1	1	0	1	1	0	0	0	1	1	0	1	0	1																				
"RI"	2012	"Lincoln President"	1713	100	100	0	45	45	0							147	0	147	0	0	0																														
"RI"	2012	"Little Compton 1801"	1801	1195	1090	105	897	822	75	1126	1022	104	946	871	75	2142	184	1958	2073	179	1894	1	881	791	90	1077	998	79	2117	182	1935	71	1317	1213	104				1334	107	1227	12	1282	1178	104				1308	107	1201
"RI"	2012	"Little Compton Limited"	1802	0	0	0	0	0	0	0	0	0	0	0	0	0	0	0	0	0	0	1	0	0	0	0	0	0	0	0	0																				
"RI"	2012	"Little Compton President"	1803	19	17	2	11	8	3							30	5	25	0	0	0																														
"RI"	2012	"Middletown 1901"	1901	653	598	55	548	508	40	658	599	59	512	480	32	1217	95	1122	1170	91	1079	1	504	462	42	620	573	47	1196	96	1100	72	599	547	52	553	521	32	1154	84	1070	12	897	827	70				913	70	843
"RI"	2012	"Middletown 1902"	1902	865	789	76	576	537	39	882	805	77	538	502	36	1461	117	1344	1421	113	1308	1	680	617	63	670	626	44	1440	115	1325	72	854	787	67	553	517	36	1408	103	1305	12	1112	1028	84				1125	85	1040
"RI"	2012	"Middletown 1903"	1903	799	712	87	418	364	54	797	706	91	399	354	45	1245	142	1103	1197	136	1061	1	633	559	74	518	466	52	1222	132	1090	73	892	806	86				903	87	816	12	964	869	95				976	97	879
"RI"	2012	"Middletown 1904"	1904	1093	998	95	642	579	63	1110	1012	98	607	548	59	1777	159	1618	1718	157	1561	1	867	796	71	785	710	75	1760	158	1602	74	1160	1068	92	499	440	59	1667	151	1516	12	1409	1286	123				1442	125	1317
"RI"	2012	"Middletown 1905"	1905	740	687	53	520	470	50	753	696	57	488	445	43	1286	104	1182	1242	100	1142	1	597	560	37	605	552	53	1274	98	1176	74	786	728	58	417	389	28	1203	86	1117	12	994	926	68				1008	69	939
"RI"	2012	"Middletown Limited"	1906	4	3	1	2	1	1	4	3	1	2	1	1	6	2	4	6	2	4	1	4	3	1	2	1	1	6	2	4																				
"RI"	2012	"Middletown President"	1907	150	138	12	79	74	5							231	17	214	0	0	0																														
"RI"	2012	"Narragansett 2001"	2001	104	103	1	96	80	16	104	100	4	95	81	14	204	17	187	199	18	181	2	74	70	4	99	84	15	203	19	184	33	101	96	5	99	85	14	200	19	181	35	97	93	4	96	82	14	194	18	176
"RI"	2012	"Narragansett 2002"	2002	1117	1056	61	750	686	64	1102	1042	60	716	662	54	1923	126	1797	1829	114	1715	2	882	829	53	712	656	56	1875	120	1755	33	1152	1091	61	692	637	55	1847	116	1731	36	1168	1105	63	684	628	56	1855	119	1736
"RI"	2012	"Narragansett 2003"	2003	994	936	58	760	694	66	1010	949	61	721	660	61	1806	126	1680	1735	123	1612	2	832	778	54	751	687	64	1788	125	1663	33	1044	977	67	708	652	56	1756	123	1633	36	1050	983	67	709	652	57	1760	124	1636
"RI"	2012	"Narragansett 2004"	2004	1073	996	77	735	676	59	1046	965	81	720	666	54	1850	142	1708	1768	136	1632	2	834	771	63	738	677	61	1826	138	1688	34	895	845	50	893	807	86	1790	136	1654	35	940	881	59	753	682	71	1696	131	1565
"RI"	2012	"Narragansett 2005"	2005	969	901	68	837	765	72	934	867	67	812	744	68	1842	141	1701	1751	135	1616	2	798	738	60	855	777	78	1809	141	1668	34	876	814	62	908	834	74	1787	136	1651	35	838	777	61	849	778	71	1694	132	1562
"RI"	2012	"Narragansett Limited"	2006	0	0	0	0	0	0	0	0	0	0	0	0	0	0	0	0	0	0	2	0	0	0	0	0	0	0	0	0																				
"RI"	2012	"Narragansett President"	2007	82	78	4	45	44	1							131	5	126	0	0	0																														
"RI"	2012	"New Shoreham 2201"	2201	656	535	121	273	212	61	668	542	126	255	200	55	958	190	768	924	181	743	2	594	478	116	227	173	54	952	185	767	36	639	533	106	195	146	49	926	176	750	37	722	594	128	218	165	53	941	181	760
"RI"	2012	"New Shoreham Limited"	2202	0	0	0	0	0	0	0	0	0	0	0	0	0	0	0	0	0	0	2	0	0	0	0	0	0	0	0	0																				
"RI"	2012	"New Shoreham President"	2203	10	9	1	3	3	0							14	1	13	0	0	0																														
"RI"	2012	"Newport 2101"	2101	649	601	48	349	322	27	666	613	53	301	281	20	1012	75	937	971	73	898	1	561	514	47	373	349	24	990	74	916	73	744	688	56				754	57	697	12	719	664	55				728	55	673
"RI"	2012	"Newport 2102"	2102	1456	1378	78	458	420	38	1421	1335	86	453	425	28	1948	117	1831	1878	115	1763	1	1206	1139	67	583	542	41	1918	117	1801	73	1587	1496	91				1611	96	1515	13	1486	1403	83	382	350	32	1873	117	1756
"RI"	2012	"Newport 2103"	2103	435	418	17	160	141	19	423	406	17	158	139	19	611	36	575	582	36	546	1	365	353	12	189	168	21	598	35	563	73	474	453	21				482	23	459	13	451	426	25	124	115	9	578	34	544
"RI"	2012	"Newport 2104"	2104	342	315	27	153	140	13	341	315	26	149	136	13	505	40	465	490	39	451	1	299	273	26	175	164	11	501	40	461	75	368	340	28				381	30	351	13	330	299	31	146	139	7	476	38	438
"RI"	2012	"Newport 2105"	2105	1265	1115	150	630	559	71	1222	1078	144	608	543	65	1928	225	1703	1830	209	1621	1	1030	906	124	749	665	84	1883	221	1662	75	1418	1261	157				1441	159	1282	13	1307	1162	145	526	465	61	1837	206	1631
"RI"	2012	"Newport 2106"	2106	855	752	103	508	450	58	845	740	105	476	427	49	1389	162	1227	1324	154	1170	1	738	650	88	545	484	61	1357	159	1198	75	1001	888	113				1017	113	904	13	892	796	96	416	368	48	1309	144	1165
"RI"	2012	"Newport 2107"	2107	948	862	86	635	557	78	961	869	92	602	534	68	1624	168	1456	1564	161	1403	1	738	668	70	761	674	87	1593	161	1432	75	1161	1061	100				1188	105	1083	13	1030	941	89	511	447	64	1544	154	1390
"RI"	2012	"Newport Limited"	2108	0	0	0	0	0	0	0	0	0	0	0	0	0	0	0	0	0	0	1	0	0	0	0	0	0	0	0	0																				
"RI"	2012	"Newport President"	2109	224	215	9	66	59	7							296	16	280	0	0	0																														
"RI"	2012	"North Kingstown 2301"	2301	571	520	51	698	656	42	585	534	51	665	623	42	1304	100	1204	1253	93	1160	2	526	487	39	631	588	43	1275	96	1179	31	494	445	49	741	698	43	1239	92	1147	35	429	392	37	772	722	50	1202	87	1115
"RI"	2012	"North Kingstown 2302"	2302	922	885	37	662	608	54	917	877	40	649	596	53	1624	93	1531	1572	93	1479	2	818	773	45	618	571	47	1602	95	1507	31	824	792	32	748	689	59	1573	91	1482	36	985	936	49	586	543	43	1573	92	1481
"RI"	2012	"North Kingstown 2303"	2303	990	917	73	820	772	48	995	921	74	790	744	46	1855	123	1732	1791	121	1670	2	909	839	70	724	682	42	1828	121	1707	31	876	816	60	910	850	60	1791	120	1671	36	1053	991	62	733	675	58	1794	120	1674
"RI"	2012	"North Kingstown 2304"	2304	953	886	67	822	772	50	988	925	63	765	716	49	1819	119	1700	1759	112	1647	2	881	820	61	743	698	45	1792	114	1678	31	806	747	59	954	902	52	1761	111	1650	36	1018	955	63	743	696	47	1764	110	1654
"RI"	2012	"North Kingstown 2305"	2305	483	455	28	521	491	30	491	462	29	501	469	32	1029	60	969	995	61	934	2	420	391	29	505	478	27	1015	61	954	32	481	455	26	487	457	30	970	56	914	35	304	288	16	649	609	40	955	56	899
"RI"	2012	"North Kingstown 2306"	2306	512	477	35	534	492	42	500	468	32	527	484	43	1071	79	992	1033	76	957	2	439	407	32	498	459	39	1048	77	971	32	524	499	25	497	449	48	1028	76	952	35	375	351	24	622	572	50	1000	74	926
"RI"	2012	"North Kingstown 2307"	2307	1129	1035	94	807	731	76	1106	1005	101	818	742	76	1998	177	1821	1929	178	1751	2	982	894	88	706	639	67	1972	179	1793	32	1035	950	85	879	798	81	1921	168	1753	36	1174	1081	93	757	680	77	1937	170	1767
"RI"	2012	"North Kingstown 2308"	2308	1111	1020	91	758	700	58	1084	993	91	778	719	59	1923	154	1769	1865	150	1715	2	869	795	74	741	682	59	1889	151	1738	32	1075	993	82	768	701	67	1849	149	1700	36	1120	1030	90	727	670	57	1852	147	1705
"RI"	2012	"North Kingstown 2309"	2309	1040	958	82	776	718	58	1039	955	84	755	700	55	1865	142	1723	1799	139	1660	2	901	817	84	718	669	49	1830	140	1690	32	952	881	71	809	746	63	1764	135	1629	36	1027	947	80	758	706	52	1792	134	1658
"RI"	2012	"North Kingstown Limited"	2310	3	3	0	1	1	0	3	3	0	1	1	0	4	0	4	4	0	4	2	2	2	0	1	1	0	4	0	4																				
"RI"	2012	"North Kingstown President"	2311	133	120	13	52	47	5							189	20	169	0	0	0																														
"RI"	2012	"North Providence 2401"	2401	472	454	18	310	299	11	473	454	19	289	282	7	795	29	766	763	26	737	1	382	368	14	369	356	13	795	29	766	6	651	630	21				659	22	637	4	478	462	16				759	21	738
"RI"	2012	"North Providence 2402"	2402	647	622	25	353	341	12	635	611	24	340	327	13	1017	38	979	978	37	941	1	524	505	19	426	410	16	1013	38	975	6	813	785	28				836	31	805	7	559	539	20				963	36	927
"RI"	2012	"North Providence 2403"	2403	637	589	48	364	351	13	653	602	51	312	303	9	1022	61	961	967	60	907	1	513	476	37	433	413	20	1008	60	948	54	561	524	37				967	58	909	4	637	594	43				958	59	899
"RI"	2012	"North Providence 2404"	2404	370	347	23	210	198	12	350	326	24	216	207	9	600	35	565	567	33	534	1	266	250	16	287	270	17	595	34	561	54	292	274	18				560	33	527	4	356	336	20				563	33	530
"RI"	2012	"North Providence 2405"	2405	503	477	26	276	259	17	530	500	30	244	228	16	804	46	758	774	46	728	1	374	352	22	355	335	20	794	45	749	54	411	394	17				762	40	722	4	461	438	23				763	39	724
"RI"	2012	"North Providence 2406"	2406	713	687	26	433	412	21	695	667	28	405	386	19	1165	47	1118	1102	47	1055	1	540	520	20	523	502	21	1144	44	1100	54	621	596	25				1117	41	1076	7	602	581	21				1104	42	1062
"RI"	2012	"North Providence 2407"	2407	789	753	36	445	425	20	777	738	39	404	391	13	1253	56	1197	1182	52	1130	1	580	551	29	590	564	26	1242	57	1185	54	623	590	33				1188	56	1132	22	801	764	37	380	361	19	1181	56	1125
"RI"	2012	"North Providence 2408"	2408	622	598	24	306	291	15	605	580	25	299	285	14	952	39	913	906	39	867	1	468	447	21	394	379	15	944	41	903	54	525	503	22				889	38	851	22	607	582	25	282	269	13	891	38	853
"RI"	2012	"North Providence 2409"	2409	380	351	29	197	187	10	389	360	29	164	156	8	586	39	547	554	37	517	1	313	292	21	233	219	14	577	36	541	54	323	295	28				545	33	512	22	362	333	29	192	188	4	555	33	522
"RI"	2012	"North Providence 2410"	2410	516	485	31	329	314	15	527	491	36	302	293	9	862	47	815	830	45	785	1	427	399	28	398	381	17	865	47	818	55	635	597	38				649	39	610	4	480	451	29				805	40	765
"RI"	2012	"North Providence 2411"	2411	628	596	32	550	516	34	643	611	32	496	464	32	1191	66	1125	1140	65	1075	1	503	483	20	639	596	43	1187	65	1122	55	858	815	43				884	45	839	4	633	608	25				1141	58	1083
"RI"	2012	"North Providence 2412"	2412	747	729	18	386	371	15	779	761	18	316	303	13	1153	34	1119	1101	33	1068	1	629	612	17	434	419	15	1133	34	1099	55	921	891	30				950	30	920	4	767	747	20				1077	31	1046
"RI"	2012	"North Providence 2413"	2413	444	434	10	162	154	8	441	428	13	151	146	5	619	18	601	592	18	574	1	330	323	7	243	232	11	610	18	592	55	509	496	13				516	13	503	4	424	411	13				585	18	567
"RI"	2012	"North Providence 2414"	2414	394	382	12	200	191	9	398	387	11	171	161	10	608	21	587	570	21	549	1	309	298	11	233	223	10	599	21	578	55	457	446	11				466	11	455	4	373	364	9				570	16	554
"RI"	2012	"North Providence 2415"	2415	499	477	22	175	172	3	489	466	23	153	150	3	681	26	655	644	26	618	1	385	365	20	248	245	3	672	26	646	55	585	560	25				597	25	572	15	431	411	20				621	26	595
"RI"	2012	"North Providence 2416"	2416	982	940	42	646	612	34	997	957	40	574	537	37	1651	76	1575	1573	77	1496	1	779	749	30	762	718	44	1636	76	1560	55	1243	1197	46				1270	47	1223	17	714	681	33				1555	66	1489
"RI"	2012	"North Providence Limited"	2417	1	1	0	0	0	0	0	0	0	1	1	0	1	0	1	1	0	1	1	0	0	0	0	0	0	1	0	1																				
"RI"	2012	"North Providence President"	2418	269	261	8	62	60	2							338	10	328	0	0	0																														
"RI"	2012	"North Smithfield 2501"	2501	627	609	18	613	586	27	664	641	23	547	525	22	1269	45	1224	1214	45	1169	1	474	459	15	716	686	30	1262	47	1215	48	338	327	11	652	628	24	1245	46	1199	17	556	543	13				1181	45	1136
"RI"	2012	"North Smithfield 2502"	2502	677	644	33	778	729	49	760	719	41	673	633	40	1497	83	1414	1434	81	1353	1	495	468	27	903	853	50	1487	82	1405	48	358	342	16	852	800	52	1453	77	1376	17	498	471	27				1355	76	1279
"RI"	2012	"North Smithfield 2503"	2503	644	613	31	562	542	20	697	663	34	479	462	17	1232	54	1178	1177	51	1126	1	469	444	25	641	616	25	1210	50	1160	48	321	300	21	580	558	22	1192	52	1140	23	723	689	34	448	433	15	1176	50	1126
"RI"	2012	"North Smithfield 2504"	2504	638	607	31	556	518	38	672	641	31	496	459	37	1224	70	1154	1168	68	1100	1	506	479	27	652	608	44	1223	72	1151	48	352	335	17	552	513	39	1210	70	1140	24	896	849	47				919	47	872
"RI"	2012	"North Smithfield 2505"	2505	425	350	75	317	274	43	435	359	76	267	233	34	749	118	631	702	110	592	1	325	264	61	370	325	45	734	110	624	48	233	181	52	341	304	37	717	104	613	24	525	445	80				540	83	457
"RI"	2012	"North Smithfield Limited"	2506	0	0	0	0	0	0	0	0	0	0	0	0	0	0	0	0	0	0	1	0	0	0	0	0	0	0	0	0																				
"RI"	2012	"North Smithfield President"	2507	39	39	0	26	26	0							66	0	66	0	0	0																														
"RI"	2012	"Pawtucket 2601"	2601	271	266	5	71	68	3	266	261	5	69	67	2	345	8	337	336	7	329	1	237	232	5	81	78	3	342	8	334	46	182	180	2	43	41	2	332	8	324	15	237	231	6				323	6	317
"RI"	2012	"Pawtucket 2602"	2602	637	619	18	61	60	1	617	600	17	70	69	1	706	20	686	688	18	670	1	592	576	16	84	82	2	698	19	679	58	628	613	15				643	15	628	15	578	561	17				664	19	645
"RI"	2012	"Pawtucket 2603"	2603	1021	991	30	312	305	7	1012	985	27	322	311	11	1357	40	1317	1336	38	1298	1	857	832	25	413	405	8	1346	38	1308	58	1068	1038	30				1121	32	1089	15	908	881	27				1269	36	1233
"RI"	2012	"Pawtucket 2604"	2604	587	568	19	231	224	7	597	578	19	221	214	7	832	26	806	819	26	793	1	449	433	16	306	296	10	824	26	798	58	634	615	19				682	24	658	15	524	510	14				771	24	747
"RI"	2012	"Pawtucket 2605"	2605	483	468	15	51	51	0	487	472	15	38	38	0	537	15	522	527	15	512	1	446	431	15	73	73	0	532	15	517	58	469	460	9				487	11	476	16	468	453	15				505	15	490
"RI"	2012	"Pawtucket 2606"	2606	498	489	9	35	33	2	490	481	9	34	32	2	534	11	523	524	11	513	1	460	450	10	47	47	0	531	11	520	58	476	465	11				485	11	474	16	469	459	10				504	11	493
"RI"	2012	"Pawtucket 2607"	2607	1296	1217	79	281	269	12	1300	1219	81	275	265	10	1607	92	1515	1578	91	1487	1	1126	1055	71	362	346	16	1592	91	1501	59	1303	1222	81				1331	81	1250	15	1234	1158	76				1520	87	1433
"RI"	2012	"Pawtucket 2608"	2608	1539	1456	83	328	291	37	1536	1440	96	323	296	27	1897	122	1775	1861	123	1738	1	1364	1279	85	403	369	34	1880	125	1755	59	1573	1480	93				1603	95	1508	15	1414	1342	72				1780	102	1678
"RI"	2012	"Pawtucket 2609"	2609	138	131	7	23	21	2	140	134	6	21	19	2	165	10	155	161	8	153	1	125	119	6	27	25	2	163	9	154	59	144	137	7				144	7	137	15	133	126	7				155	8	147
"RI"	2012	"Pawtucket 2610"	2610	125	115	10	9	9	0	121	111	10	8	8	0	134	10	124	129	10	119	1	113	104	9	13	12	1	131	10	121	59	123	113	10				123	10	113	16	117	107	10				125	10	115
"RI"	2012	"Pawtucket 2611"	2611	497	462	35	60	55	5	497	463	34	58	51	7	563	42	521	555	41	514	1	450	419	31	85	77	8	557	41	516	59	500	467	33				503	33	470	16	488	454	34				527	36	491
"RI"	2012	"Pawtucket 2612"	2612	648	622	26	282	276	6	692	665	27	250	244	6	956	33	923	944	33	911	1	539	513	26	353	346	7	952	33	919	60	789	760	29				806	29	777	8	716	689	27				929	33	896
"RI"	2012	"Pawtucket 2613"	2613	905	869	36	202	192	10	897	860	37	201	193	8	1129	47	1082	1103	45	1058	1	792	763	29	269	255	14	1124	45	1079	60	965	931	34				987	34	953	8	872	841	31				1069	41	1028
"RI"	2012	"Pawtucket 2614"	2614	779	757	22	162	160	2	798	777	21	157	155	2	952	24	928	957	23	934	1	706	685	21	212	209	3	966	24	942	60	849	828	21				858	21	837	8	779	758	21				929	23	906
"RI"	2012	"Pawtucket 2615"	2615	283	272	11	84	80	4	290	279	11	79	75	4	375	15	360	370	15	355	1	237	227	10	104	100	4	373	15	358	60	317	304	13				321	13	308	8	266	253	13				357	14	343
"RI"	2012	"Pawtucket 2616"	2616	88	83	5	34	34	0	92	87	5	30	30	0	124	5	119	122	5	117	1	69	65	4	43	42	1	124	5	119	60	97	93	4				97	4	93	18	98	94	4				98	4	94
"RI"	2012	"Pawtucket 2617"	2617	184	168	16	53	50	3	192	175	17	47	45	2	241	20	221	239	19	220	1	149	134	15	74	71	3	241	19	222	60	208	191	17				209	17	192	18	202	185	17				204	17	187
"RI"	2012	"Pawtucket 2618"	2618	1198	1147	51	517	498	19	1242	1185	57	498	484	14	1756	72	1684	1746	71	1675	1	896	855	41	755	731	24	1751	71	1680	61	1408	1351	57				1433	57	1376	8	1199	1156	43				1687	67	1620
"RI"	2012	"Pawtucket 2619"	2619	610	596	14	263	250	13	644	629	15	238	226	12	893	29	864	887	29	858	1	481	468	13	346	331	15	895	28	867	61	712	690	22				724	23	701	8	658	640	18				863	28	835
"RI"	2012	"Pawtucket 2620"	2620	1083	1031	52	402	382	20	1103	1047	56	391	376	15	1514	72	1442	1496	71	1425	1	876	834	42	533	510	23	1504	72	1432	61	1213	1156	57				1237	61	1176	8	1089	1039	50				1445	65	1380
"RI"	2012	"Pawtucket 2621"	2621	328	317	11	164	152	12	332	325	7	167	152	15	500	23	477	499	22	477	1	244	238	6	227	211	16	503	23	480	61	375	358	17				380	18	362	8	324	312	12				486	21	465
"RI"	2012	"Pawtucket 2622"	2622	197	193	4	77	70	7	191	186	5	80	75	5	280	11	269	271	10	261	1	145	141	4	108	102	6	276	11	265	61	219	211	8				220	8	212	18	217	209	8				219	8	211
"RI"	2012	"Pawtucket 2623"	2623	282	258	24	108	104	4	289	267	22	108	102	6	403	28	375	397	28	369	1	206	187	19	151	145	6	399	27	372	61	306	285	21				311	21	290	18	309	288	21				313	21	292
"RI"	2012	"Pawtucket 2624"	2624	268	246	22	188	179	9	267	248	19	186	176	10	465	31	434	454	29	425	1	189	175	14	250	234	16	463	30	433	62	324	300	24				337	25	312	8	266	248	18				441	31	410
"RI"	2012	"Pawtucket 2625"	2625	296	273	23	61	59	2	289	267	22	62	61	1	360	25	335	352	23	329	1	254	235	19	85	81	4	354	24	330	62	290	267	23				298	23	275	8	266	245	21				341	24	317
"RI"	2012	"Pawtucket 2626"	2626	201	196	5	8	8	0	195	192	3	10	9	1	211	5	206	206	4	202	1	190	187	3	14	13	1	210	4	206	62	196	192	4				197	4	193	15	194	190	4				204	4	200
"RI"	2012	"Pawtucket 2627"	2627	741	694	47	180	171	9	730	687	43	173	161	12	929	57	872	904	55	849	1	619	581	38	244	231	13	912	54	858	62	772	727	45				788	46	742	15	671	630	41				855	49	806
"RI"	2012	"Pawtucket 2628"	2628	891	845	46	428	409	19	943	899	44	373	353	20	1346	68	1278	1320	64	1256	1	693	663	30	564	537	27	1336	65	1271	62	1052	1004	48				1065	49	1016	18	1037	991	46				1052	47	1005
"RI"	2012	"Pawtucket 2629"	2629	1256	1215	41	446	429	17	1271	1226	45	431	414	17	1731	60	1671	1707	62	1645	1	1004	967	37	599	579	20	1724	61	1663	62	1415	1370	45				1436	46	1390	18	1388	1342	46				1414	47	1367
"RI"	2012	"Pawtucket 2630"	2630	94	85	9	32	30	2	98	89	9	29	28	1	130	11	119	127	10	117	1	75	70	5	46	44	2	126	9	117	62	100	91	9				101	9	92	18	98	89	9				99	9	90
"RI"	2012	"Pawtucket Limited"	2631	9	8	1	3	3	0	10	9	1	2	2	0	12	1	11	12	1	11	1	7	6	1	5	5	0	12	1	11																				
"RI"	2012	"Pawtucket President"	2632	722	708	14	72	68	4							800	18	782	0	0	0																														
"RI"	2012	"Portsmouth 2701"	2701	63	59	4	31	21	10	64	57	7	31	25	6	100	14	86	95	13	82	1	39	37	2	47	39	8	98	13	85	69	76	69	7				77	7	70	11				60	49	11	61	11	50
"RI"	2012	"Portsmouth 2702"	2702	124	109	15	133	121	12	131	116	15	127	117	10	267	27	240	258	25	233	1	98	87	11	149	137	12	263	25	238	69	176	158	18				181	18	163	11				195	177	18	196	18	178
"RI"	2012	"Portsmouth 2703"	2703	906	861	45	484	441	43	895	842	53	492	456	36	1432	91	1341	1393	89	1304	1	675	640	35	604	556	48	1417	88	1329	70	897	845	52				1295	80	1215	11				941	883	58	973	59	914
"RI"	2012	"Portsmouth 2704"	2704	1086	1008	78	858	796	62	1104	1025	79	816	759	57	1984	141	1843	1923	136	1787	1	787	734	53	1011	936	75	1951	137	1814	71	1426	1324	102				1471	104	1367	11				1429	1332	97	1451	99	1352
"RI"	2012	"Portsmouth 2705"	2705	341	313	28	297	257	40	340	308	32	283	250	33	644	68	576	623	65	558	1	266	238	28	329	293	36	635	67	568	71	417	380	37				424	37	387	11				442	392	50	445	50	395
"RI"	2012	"Portsmouth 2706"	2706	324	280	44	360	319	41	329	286	43	334	297	37	694	85	609	663	80	583	1	255	221	34	389	344	45	681	83	598	72	293	257	36	368	326	42	661	78	583	11				532	470	62	536	63	473
"RI"	2012	"Portsmouth 2707"	2707	1022	946	76	952	866	86	1074	990	84	851	777	74	2003	165	1838	1928	158	1770	1	788	717	71	1094	1010	84	1977	159	1818	72	909	836	73	997	914	83	1911	157	1754	11				1499	1377	122	1514	122	1392
"RI"	2012	"Portsmouth 2708"	2708	1043	951	92	968	876	92	1063	967	96	909	824	85	2044	185	1859	1974	181	1793	1	809	732	77	1110	1011	99	2032	183	1849	72	942	866	76	1026	928	98	1972	174	1798	11				1493	1355	138	1517	138	1379
"RI"	2012	"Portsmouth Limited"	2709	0	0	0	0	0	0	0	0	0	1	1	0	1	0	1	1	0	1	1	0	0	0	1	1	0	1	0	1																				
"RI"	2012	"Portsmouth President"	2710	108	107	1	82	74	8							194	9	185	0	0	0																														
"RI"	2012	"Providence 2801"	2801	125	120	5	15	15	0	121	116	5	16	16	0	142	5	137	137	5	132	1	114	110	4	20	20	0	140	4	136	1	117	112	5				131	5	126	1	132	127	5				132	5	127
"RI"	2012	"Providence 2802"	2802	134	125	9	54	47	7	145	136	9	42	36	6	190	16	174	187	15	172	1	121	112	9	58	51	7	184	16	168	1	127	118	9				167	12	155	3	140	131	9				146	11	135
"RI"	2012	"Providence 2803"	2803	1004	937	67	258	243	15	1000	932	68	274	259	15	1293	84	1209	1275	83	1192	1	893	835	58	324	306	18	1277	82	1195	1	933	873	60				1186	71	1115	3	1011	944	67				1038	68	970
"RI"	2012	"Providence 2804"	2804	374	361	13	48	47	1	387	373	14	53	52	1	458	15	443	441	15	426	1	352	339	13	58	57	1	437	15	422	1	341	330	11				401	12	389	3	369	357	12				381	12	369
"RI"	2012	"Providence 2805"	2805	1336	1225	111	351	330	21	1343	1234	109	358	335	23	1726	136	1590	1706	133	1573	1	1130	1035	95	444	415	29	1694	132	1562	1	1204	1108	96				1531	118	1413	3	1325	1221	104				1370	109	1261
"RI"	2012	"Providence 2806"	2806	100	88	12	27	25	2	100	87	13	27	26	1	131	14	117	127	14	113	1	81	68	13	34	33	1	126	14	112	1	91	79	12				112	14	98	3	99	86	13				102	13	89
"RI"	2012	"Providence 2807"	2807	1	1	0	0	0	0	1	1	0	0	0	0	1	0	1	1	0	1	1	1	1	0	0	0	0	1	0	1	1	0	0	0				1	0	1	6	0	0	0	0	0	0	0	0	0
"RI"	2012	"Providence 2808"	2808	889	836	53	166	148	18	896	842	54	164	148	16	1093	71	1022	1064	70	994	1	743	698	45	226	208	18	1055	70	985	2	861	812	49				873	49	824	3	833	785	48				857	49	808
"RI"	2012	"Providence 2809"	2809	1103	1011	92	204	187	17	1086	1001	85	220	203	17	1352	110	1242	1311	102	1209	1	915	844	71	279	252	27	1317	104	1213	2	1113	1026	87				1129	87	1042	3	1067	984	83				1092	84	1008
"RI"	2012	"Providence 2810"	2810	50	45	5	1	1	0	49	44	5	4	4	0	53	5	48	53	5	48	1	40	36	4	6	6	0	51	5	46	2	51	46	5				51	5	46	6	41	36	5	6	6	0	48	5	43
"RI"	2012	"Providence 2811"	2811	922	866	56	70	62	8	905	850	55	74	66	8	1006	67	939	981	63	918	1	814	764	50	125	118	7	997	65	932	3	906	853	53	61	54	7	969	60	909	1	907	852	55				918	55	863
"RI"	2012	"Providence 2812"	2812	702	686	16	113	108	5	671	656	15	131	125	6	819	21	798	803	21	782	1	593	582	11	170	163	7	807	19	788	3	687	672	15	84	81	3	772	18	754	1	699	682	17				720	17	703
"RI"	2012	"Providence 2813"	2813	518	502	16	50	48	2	522	505	17	47	46	1	577	20	557	569	18	551	1	458	443	15	82	80	2	575	18	557	3	505	489	16	45	45	0	552	16	536	1	530	514	16				540	17	523
"RI"	2012	"Providence 2814"	2814	374	355	19	63	62	1	380	362	18	57	56	1	444	20	424	438	19	419	1	325	308	17	90	89	1	439	19	420	3	373	355	18	51	51	0	425	18	407	1	383	365	18				388	18	370
"RI"	2012	"Providence 2815"	2815	710	648	62	313	287	26	714	648	66	296	274	22	1027	88	939	1013	88	925	1	624	568	56	345	316	29	1019	87	932	4	460	409	51				965	86	879	3	697	625	72				724	72	652
"RI"	2012	"Providence 2816"	2816	1498	1384	114	284	255	29	1524	1411	113	283	258	25	1849	145	1704	1812	139	1673	1	1304	1203	101	370	339	31	1827	140	1687	4	965	877	88				1772	134	1638	3	1429	1323	106				1490	114	1376
"RI"	2012	"Providence 2817"	2817	1572	1500	72	296	284	12	1559	1488	71	312	302	10	1910	84	1826	1875	82	1793	1	1324	1257	67	402	392	10	1880	83	1797	4	931	874	57				1834	81	1753	3	1467	1400	67				1528	70	1458
"RI"	2012	"Providence 2818"	2818	1512	1433	79	132	126	6	1510	1433	77	154	145	9	1691	88	1603	1670	86	1584	1	1333	1263	70	202	193	9	1673	86	1587	4	1234	1168	66				1644	84	1560	6	1427	1353	74	179	173	6	1616	82	1534
"RI"	2012	"Providence 2819"	2819	952	900	52	312	295	17	968	915	53	290	277	13	1280	69	1211	1260	66	1194	1	761	718	43	435	415	20	1278	67	1211	5	932	886	46				1192	53	1139	1	1052	1003	49				1072	49	1023
"RI"	2012	"Providence 2820"	2820	121	108	13	35	35	0	121	106	15	38	38	0	158	14	144	160	15	145	1	99	86	13	51	51	0	159	15	144	5	123	110	13				154	15	139	4	126	112	14				154	15	139
"RI"	2012	"Providence 2821"	2821	758	732	26	131	127	4	747	721	26	138	133	5	903	31	872	886	31	855	1	604	584	20	228	219	9	888	30	858	5	633	610	23				863	28	835	4	719	696	23				868	29	839
"RI"	2012	"Providence 2822"	2822	170	152	18	12	12	0	168	151	17	15	15	0	187	18	169	184	17	167	1	146	132	14	21	21	0	181	14	167	9	162	151	11				166	12	154	2	144	132	12				170	12	158
"RI"	2012	"Providence 2823"	2823	1002	970	32	53	53	0	982	950	32	53	53	0	1062	32	1030	1035	32	1003	1	896	869	27	96	93	3	1044	32	1012	10	967	936	31	53	53	0	1024	31	993	2	826	799	27				1028	31	997
"RI"	2012	"Providence 2824"	2824	1209	1161	48	142	136	6	1191	1140	51	153	150	3	1367	54	1313	1347	54	1293	1	1047	1002	45	229	221	8	1358	55	1303	10	1186	1136	50	155	150	5	1345	55	1290	2	1024	977	47				1329	52	1277
"RI"	2012	"Providence 2825"	2825	187	175	12	6	6	0	181	170	11	8	8	0	195	12	183	189	11	178	1	172	163	9	11	10	1	190	10	180	10	179	168	11	6	6	0	185	11	174	2	164	154	10				188	11	177
"RI"	2012	"Providence 2826"	2826	974	925	49	56	53	3	936	887	49	68	64	4	1051	52	999	1007	53	954	1	838	795	43	115	109	6	1025	52	973	11	904	863	41	86	79	7	994	48	946	2	809	772	37				987	49	938
"RI"	2012	"Providence 2827"	2827	1071	1044	27	42	40	2	1036	1010	26	47	45	2	1123	29	1094	1088	29	1059	1	962	939	23	85	82	3	1099	29	1070	11	1015	994	21	53	50	3	1072	24	1048	2	898	877	21				1079	24	1055
"RI"	2012	"Providence 2828"	2828	615	600	15	31	31	0	600	584	16	43	43	0	663	16	647	645	16	629	1	544	533	11	63	61	2	652	16	636	11	589	576	13	42	40	2	633	15	618	2	540	529	11				623	14	609
"RI"	2012	"Providence 2829"	2829	829	803	26	62	58	4	815	788	27	75	72	3	911	30	881	892	30	862	1	741	715	26	112	109	3	895	30	865	11	798	773	25	77	73	4	876	29	847	6	788	762	26	77	73	4	869	30	839
"RI"	2012	"Providence 2830"	2830	69	67	2	4	4	0	70	67	3	2	2	0	74	2	72	73	3	70	1	63	62	1	3	3	0	71	1	70	11	66	66	0	3	3	0	69	0	69	6	67	67	0	2	2	0	69	0	69
"RI"	2012	"Providence 2831"	2831	1282	1219	63	28	27	1	1265	1201	64	32	32	0	1316	64	1252	1299	64	1235	1	1169	1115	54	83	80	3	1301	57	1244	12	1232	1185	47				1239	47	1192	6	1223	1176	47	39	39	0	1264	47	1217
"RI"	2012	"Providence 2832"	2832	980	964	16	50	48	2	965	950	15	54	51	3	1037	18	1019	1021	18	1003	1	890	877	13	100	96	4	1026	17	1009	12	946	933	13				958	13	945	6	925	913	12	70	69	1	996	13	983
"RI"	2012	"Providence 2833"	2833	533	520	13	15	14	1	517	503	14	21	20	1	553	15	538	539	15	524	1	492	479	13	28	27	1	538	15	523	12	517	503	14				519	14	505	6	510	495	15	19	19	0	530	15	515
"RI"	2012	"Providence 2834"	2834	231	224	7	18	18	0	227	220	7	18	18	0	251	7	244	245	7	238	1	211	204	7	30	30	0	250	7	243	12	220	215	5				222	5	217	28	220	214	6	21	21	0	241	6	235
"RI"	2012	"Providence 2835"	2835	80	74	6	45	38	7	83	79	4	42	33	9	127	13	114	126	13	113	2	78	73	5	42	34	8	124	13	111	1	71	68	3				103	7	96	1	92	87	5				93	5	88
"RI"	2012	"Providence 2836"	2836	7	7	0	0	0	0	7	7	0	0	0	0	7	0	7	7	0	7	2	6	6	0	0	0	0	7	0	7	1	6	6	0				7	0	7	6	7	7	0	0	0	0	7	0	7
"RI"	2012	"Providence 2837"	2837	291	275	16	114	110	4	293	273	20	119	114	5	423	24	399	416	25	391	2	261	245	16	109	104	5	415	25	390	2	311	290	21				318	21	297	1	323	304	19				332	19	313
"RI"	2012	"Providence 2838"	2838	183	161	22	50	45	5	182	157	25	50	46	4	240	29	211	233	29	204	2	161	143	18	45	41	4	223	23	200	2	179	165	14				180	14	166	5	188	174	14				192	14	178
"RI"	2012	"Providence 2839"	2839	336	321	15	46	46	0	322	307	15	52	52	0	394	15	379	375	15	360	2	289	277	12	48	47	1	371	14	357	2	321	307	14				325	14	311	6	284	272	12	72	70	2	359	14	345
"RI"	2012	"Providence 2840"	2840	405	378	27	15	11	4	395	371	24	18	13	5	423	31	392	414	29	385	2	381	358	23	18	13	5	410	30	380	2	380	355	25				383	25	358	6	378	355	23	28	22	6	409	29	380
"RI"	2012	"Providence 2841"	2841	245	236	9	20	19	1	246	237	9	18	17	1	271	10	261	266	10	256	2	217	209	8	20	19	1	263	9	254	3	239	232	7	14	13	1	255	8	247	1	253	243	10				255	10	245
"RI"	2012	"Providence 2842"	2842	150	136	14	28	27	1	149	134	15	30	30	0	179	15	164	179	15	164	2	136	124	12	30	29	1	181	15	166	5	114	102	12				177	15	162	1	156	142	14				160	14	146
"RI"	2012	"Providence 2843"	2843	198	191	7	100	96	4	193	186	7	101	97	4	303	11	292	296	11	285	2	181	174	7	90	86	4	298	11	287	5	184	177	7				276	11	265	4	174	168	6				280	11	269
"RI"	2012	"Providence 2844"	2844	643	605	38	249	236	13	654	615	39	241	230	11	915	52	863	898	50	848	2	613	577	36	218	206	12	896	48	848	5	629	593	36				856	47	809	4	631	603	28				869	47	822
"RI"	2012	"Providence 2845"	2845	385	373	12	206	196	10	384	370	14	213	206	7	610	23	587	600	21	579	2	350	340	10	201	191	10	601	22	579	6	507	487	20				521	20	501	4	375	357	18				574	22	552
"RI"	2012	"Providence 2846"	2846	484	464	20	183	171	12	491	470	21	177	164	13	676	33	643	668	34	634	2	459	440	19	171	161	10	666	30	636	6	556	529	27				570	29	541	4	405	381	24				647	32	615
"RI"	2012	"Providence 2847"	2847	335	331	4	27	27	0	334	331	3	26	25	1	367	4	363	362	4	358	2	319	315	4	27	27	0	360	4	356	6	333	330	3				335	3	332	5	329	326	3				331	3	328
"RI"	2012	"Providence 2848"	2848	87	84	3	9	9	0	77	74	3	17	17	0	97	3	94	94	3	91	2	72	69	3	17	17	0	95	3	92	6	84	81	3				86	3	83	5	82	79	3				84	3	81
"RI"	2012	"Providence 2849"	2849	683	622	61	227	206	21	682	616	66	232	215	17	930	85	845	915	83	832	2	649	584	65	195	183	12	914	83	831	6	817	746	71				843	74	769	7	529	478	51				881	79	802
"RI"	2012	"Providence 2850"	2850	398	388	10	72	69	3	395	385	10	75	72	3	471	13	458	472	13	459	2	375	367	8	72	69	3	468	12	456	6	421	409	12				435	12	423	7	364	354	10				453	13	440
"RI"	2012	"Providence 2851"	2851	595	536	59	233	218	15	601	544	57	234	218	16	848	76	772	837	73	764	2	540	484	56	216	201	15	829	73	756	7	655	603	52				672	54	618	1	657	604	53				678	54	624
"RI"	2012	"Providence 2852"	2852	213	206	7	32	31	1	210	202	8	30	30	0	250	8	242	242	8	234	2	203	195	8	28	28	0	241	8	233	7	213	206	7				217	7	210	1	213	206	7				217	7	210
"RI"	2012	"Providence 2853"	2853	151	141	10	41	39	2	160	150	10	35	31	4	199	14	185	195	14	181	2	137	126	11	36	35	1	196	14	182	7	167	155	12				168	12	156	1	160	147	13				166	13	153
"RI"	2012	"Providence 2854"	2854	1246	1190	56	354	337	17	1241	1189	52	374	358	16	1635	73	1562	1619	68	1551	2	1159	1110	49	339	324	15	1609	71	1538	7	1285	1236	49				1313	50	1263	5	1352	1292	60				1389	60	1329
"RI"	2012	"Providence 2855"	2855	980	942	38	142	136	6	981	940	41	154	147	7	1149	48	1101	1138	48	1090	2	944	907	37	133	127	6	1129	46	1083	7	1006	966	40				1023	42	981	5	1027	985	42				1043	43	1000
"RI"	2012	"Providence 2856"	2856	39	38	1	5	5	0	37	36	1	7	7	0	44	1	43	44	1	43	2	39	38	1	4	4	0	44	1	43	7	40	39	1				40	1	39	5	35	34	1				37	1	36
"RI"	2012	"Providence 2857"	2857	83	77	6	14	13	1	83	78	5	17	14	3	100	7	93	100	8	92	2	79	72	7	12	11	1	95	8	87	8	86	81	5				87	6	81	1	84	79	5				85	5	80
"RI"	2012	"Providence 2858"	2858	316	305	11	29	28	1	313	300	13	36	36	0	350	13	337	350	13	337	2	300	287	13	31	31	0	347	13	334	8	319	306	13				324	13	311	1	321	308	13				325	13	312
"RI"	2012	"Providence 2859"	2859	88	86	2	9	9	0	88	87	1	9	9	0	102	2	100	98	1	97	2	72	71	1	9	9	0	96	1	95	8	75	74	1				84	1	83	1	86	85	1				87	1	86
"RI"	2012	"Providence 2860"	2860	96	94	2	9	8	1	98	96	2	7	6	1	108	3	105	106	3	103	2	92	90	2	9	8	1	108	3	105	8	100	97	3				102	3	99	5	97	94	3				99	3	96
"RI"	2012	"Providence 2861"	2861	849	820	29	128	115	13	838	808	30	156	145	11	1024	44	980	998	41	957	2	745	720	25	131	119	12	995	43	952	8	847	816	31				898	37	861	5	874	837	37				901	38	863
"RI"	2012	"Providence 2862"	2862	823	772	51	146	139	7	825	775	50	140	134	6	1002	59	943	972	56	916	2	730	690	40	127	119	8	966	55	911	8	855	808	47				895	48	847	5	838	794	44				871	46	825
"RI"	2012	"Providence 2863"	2863	505	492	13	44	37	7	502	489	13	48	43	5	560	20	540	551	18	533	2	465	454	11	42	37	5	546	18	528	8	512	495	17				518	17	501	5	502	484	18				505	18	487
"RI"	2012	"Providence 2864"	2864	247	245	2	21	21	0	243	240	3	21	21	0	274	3	271	266	3	263	2	220	218	2	23	23	0	268	3	265	9	248	245	3				253	3	250	2	222	220	2				262	3	259
"RI"	2012	"Providence 2865"	2865	235	231	4	8	8	0	226	221	5	9	9	0	243	4	239	235	5	230	2	220	215	5	9	9	0	233	5	228	9	224	221	3				225	3	222	5	224	221	3				225	3	222
"RI"	2012	"Providence 2866"	2866	674	630	44	54	48	6	685	637	48	53	50	3	752	53	699	740	51	689	2	544	508	36	48	43	5	726	49	677	9	628	590	38				649	39	610	5	632	593	39				660	41	619
"RI"	2012	"Providence 2867"	2867	60	59	1	6	5	1	60	59	1	6	5	1	69	2	67	67	2	65	2	60	59	1	5	4	1	68	2	66	9	59	59	0				60	0	60	5	60	60	0				61	0	61
"RI"	2012	"Providence 2868"	2868	691	649	42	25	21	4	686	646	40	27	24	3	720	46	674	715	43	672	2	653	621	32	23	21	2	702	36	666	9	653	625	28				665	28	637	6	644	618	26	40	35	5	690	31	659
"RI"	2012	"Providence 2869"	2869	128	127	1	4	4	0	122	121	1	5	5	0	132	1	131	127	1	126	2	113	112	1	7	7	0	126	1	125	9	114	113	1				114	1	113	7	109	108	1				123	1	122
"RI"	2012	"Providence 2870"	2870	633	619	14	85	81	4	635	619	16	77	74	3	724	19	705	712	19	693	2	631	616	15	62	59	3	707	19	688	9	634	617	17				644	17	627	7	590	575	15				685	18	667
"RI"	2012	"Providence 2871"	2871	427	410	17	57	55	2	419	402	17	56	54	2	493	19	474	481	19	462	2	391	378	13	49	47	2	474	17	457	10	426	412	14	43	41	2	479	16	463	2	381	369	12				474	16	458
"RI"	2012	"Providence 2872"	2872	65	60	5	15	14	1	61	56	5	16	15	1	80	6	74	77	6	71	2	48	45	3	19	18	1	75	4	71	10	55	53	2	17	15	2	72	4	68	2	53	51	2				70	3	67
"RI"	2012	"Providence 2873"	2873	88	85	3	11	11	0	89	87	2	9	9	0	102	3	99	98	2	96	2	83	81	2	11	11	0	98	2	96	10	83	81	2	14	14	0	97	2	95	2	71	69	2				97	2	95
"RI"	2012	"Providence 2874"	2874	801	767	34	219	212	7	831	794	37	187	182	5	1030	42	988	1018	42	976	2	787	753	34	187	183	4	1012	42	970	13	899	862	37				919	37	882	7	780	747	33				960	40	920
"RI"	2012	"Providence 2875"	2875	767	746	21	109	106	3	764	745	19	100	96	4	880	24	856	864	23	841	2	712	693	19	104	100	4	851	23	828	13	774	754	20				790	22	768	7	723	704	19				841	23	818
"RI"	2012	"Providence 2876"	2876	506	489	17	77	72	5	513	494	19	68	65	3	590	22	568	583	22	561	2	491	475	16	53	49	4	569	20	549	13	529	510	19				536	19	517	7	482	465	17				562	19	543
"RI"	2012	"Providence 2877"	2877	245	234	11	64	64	0	255	245	10	59	58	1	317	11	306	314	11	303	2	238	228	10	58	57	1	313	11	302	14	268	258	10				277	10	267	7	259	249	10				312	11	301
"RI"	2012	"Providence 2878"	2878	55	52	3	6	6	0	58	56	2	5	5	0	63	3	60	63	2	61	2	56	54	2	4	4	0	63	2	61	14	56	55	1				56	1	55	7	52	51	1				61	1	60
"RI"	2012	"Providence Limited 1"	2879	0	0	0	0	0	0	0	0	0	0	0	0	0	0	0	0	0	0	1	0	0	0	0	0	0	0	0	0																				
"RI"	2012	"Providence Limited 2"	2880	0	0	0	1	1	0	0	0	0	1	1	0	1	0	1	1	0	1	2	0	0	0	1	1	0	1	0	1																				
"RI"	2012	"Providence President"	2881	3194	3181	13	501	500	1							3770	14	3756	0	0	0																														
"RI"	2012	"Richmond 2901"	2901	1025	977	48	771	739	32	1048	1002	46	779	743	36	1873	82	1791	1832	82	1750	2	864	823	41	692	661	31	1850	82	1768	39	996	951	45	780	747	33	1777	78	1699	34	992	947	45	793	758	35	1786	80	1706
"RI"	2012	"Richmond 2902"	2902	939	911	28	761	741	20	961	933	28	752	734	18	1752	48	1704	1717	46	1671	2	820	796	24	658	640	18	1731	45	1686	39	945	923	22	742	721	21	1693	43	1650	34	924	904	20	774	751	23	1700	43	1657
"RI"	2012	"Richmond Limited"	2903	0	0	0	0	0	0	0	0	0	0	0	0	0	0	0	0	0	0	2	0	0	0	0	0	0	0	0	0																				
"RI"	2012	"Richmond President"	2904	38	37	1	23	23	0							61	1	60	0	0	0																														
"RI"	2012	"Scituate 3001"	3001	811	753	58	1063	991	72	839	774	65	1008	944	64	1913	130	1783	1853	129	1724	2	792	737	55	971	901	70	1885	130	1755	41	1033	956	77	722	670	52	1873	131	1742	21	925	858	67	933	871	62	1862	129	1733
"RI"	2012	"Scituate 3002"	3002	872	837	35	888	841	47	859	822	37	883	838	45	1802	84	1718	1745	82	1663	2	798	768	30	831	786	45	1772	82	1690	41	978	938	40	586	556	30	1742	80	1662	21	833	805	28	908	858	50	1744	78	1666
"RI"	2012	"Scituate 3003"	3003	893	833	60	1033	961	72	941	873	68	976	914	62	1979	133	1846	1923	130	1793	2	879	824	55	900	836	64	1945	130	1815	41	1160	1090	70	653	601	52	1939	129	1810	21	992	929	63	927	863	64	1924	127	1797
"RI"	2012	"Scituate Limited"	3004	1	1	0	0	0	0	1	1	0	0	0	0	1	0	1	1	0	1	2	1	1	0	0	0	0	1	0	1																				
"RI"	2012	"Scituate President"	3005	30	30	0	34	33	1							65	1	64	0	0	0																														
"RI"	2012	"Smithfield 3101"	3101	798	741	57	737	681	56	814	751	63	692	643	49	1555	115	1440	1507	112	1395	1	566	512	54	881	828	53	1540	113	1427	44	905	841	64	603	560	43	1508	107	1401	22	800	745	55	705	653	52	1506	107	1399
"RI"	2012	"Smithfield 3102"	3102	880	836	44	602	559	43	862	813	49	585	547	38	1512	89	1423	1449	87	1362	1	604	569	35	772	724	48	1489	88	1401	44	923	874	49	517	480	37	1441	86	1355	22	908	855	53	547	515	32	1458	86	1372
"RI"	2012	"Smithfield 3103"	3103	892	843	49	783	746	37	900	853	47	730	692	38	1695	86	1609	1632	85	1547	1	642	608	34	951	904	47	1682	87	1595	44	1058	1006	52	585	552	33	1646	85	1561	22	938	897	41	701	657	44	1644	85	1559
"RI"	2012	"Smithfield 3104"	3104	911	833	78	917	868	49	968	879	89	844	802	42	1877	133	1744	1815	132	1683	1	612	546	66	1127	1070	57	1857	130	1727	53	1159	1059	100	650	621	29	1812	129	1683	22	1009	921	88	809	767	42	1821	130	1691
"RI"	2012	"Smithfield 3105"	3105	981	854	127	821	747	74	1014	891	123	740	673	67	1832	203	1629	1760	191	1569	1	703	610	93	990	899	91	1812	200	1612	53	1165	1042	123	578	515	63	1750	187	1563	22	1077	959	118	686	618	68	1765	186	1579
"RI"	2012	"Smithfield 3106"	3106	739	679	60	767	705	62	774	706	68	703	649	54	1544	124	1420	1478	122	1356	1	539	491	48	895	830	65	1529	124	1405	53	881	804	77	587	547	40	1475	118	1357	22	747	684	63	736	686	50	1488	115	1373
"RI"	2012	"Smithfield Limited"	3107	0	0	0	0	0	0	0	0	0	0	0	0	0	0	0	0	0	0	1	0	0	0	0	0	0	0	0	0																				
"RI"	2012	"Smithfield President"	3108	92	89	3	54	54	0							148	3	145	0	0	0																														
"RI"	2012	"South Kingstown 3201"	3201	324	308	16	255	242	13	316	301	15	259	246	13	594	29	565	577	28	549	2	251	239	12	232	222	10	587	27	560	33	268	255	13	296	283	13	564	26	538	35	279	266	13	266	253	13	545	26	519
"RI"	2012	"South Kingstown 3202"	3202	911	840	71	497	435	62	881	810	71	493	432	61	1437	136	1301	1376	132	1244	2	736	677	59	475	418	57	1410	131	1279	33	751	695	56	587	516	71	1341	127	1214	37	902	832	70	479	418	61	1382	131	1251
"RI"	2012	"South Kingstown 3203"	3203	969	877	92	553	503	50	924	836	88	559	510	49	1553	142	1411	1488	137	1351	2	745	671	74	509	469	40	1525	139	1386	33	833	754	79	626	570	56	1462	135	1327	37	1010	912	98	491	450	41	1502	139	1363
"RI"	2012	"South Kingstown 3204"	3204	932	886	46	322	303	19	941	895	46	309	296	13	1307	68	1239	1251	59	1192	2	656	620	36	273	258	15	1270	61	1209	34	877	836	41	381	360	21	1261	62	1199	37	973	927	46	283	269	14	1258	60	1198
"RI"	2012	"South Kingstown 3205"	3205	1165	1105	60	441	417	24	1108	1051	57	471	447	24	1658	85	1573	1583	81	1502	2	793	750	43	418	392	26	1614	80	1534	34	1030	991	39	555	522	33	1586	72	1514	37	1178	1123	55	394	377	17	1575	72	1503
"RI"	2012	"South Kingstown 3206"	3206	758	686	72	388	355	33	719	650	69	420	384	36	1184	107	1077	1140	105	1035	2	564	499	65	344	313	31	1161	107	1054	35	664	606	58	443	397	46	1112	104	1008	37	869	789	80	289	265	24	1161	104	1057
"RI"	2012	"South Kingstown 3207"	3207	1129	1041	88	601	567	34	1110	1025	85	584	551	33	1778	124	1654	1698	118	1580	2	856	788	68	506	480	26	1742	121	1621	35	961	895	66	698	654	44	1665	110	1555	37	1176	1088	88	515	487	28	1693	116	1577
"RI"	2012	"South Kingstown 3208"	3208	1048	956	92	798	741	57	987	895	92	822	767	55	1882	154	1728	1811	147	1664	2	705	640	65	755	700	55	1849	150	1699	35	845	779	66	933	852	81	1782	147	1635	37	1109	1017	92	712	657	55	1823	148	1675
"RI"	2012	"South Kingstown 3209"	3209	449	411	38	329	302	27	451	415	36	321	293	28	798	67	731	774	64	710	2	289	266	23	275	251	24	781	64	717	36	410	384	26	248	221	27	753	63	690	37	489	455	34	282	253	29	773	64	709
"RI"	2012	"South Kingstown 3210"	3210	735	677	58	469	431	38	730	670	60	458	421	37	1240	98	1142	1191	98	1093	2	558	508	50	423	391	32	1220	99	1121	36	685	632	53	363	333	30	1178	90	1088	38				674	619	55	709	57	652
"RI"	2012	"South Kingstown Limited"	3211	1	0	1	0	0	0	1	0	1	0	0	0	1	1	0	1	1	0	2	1	0	1	0	0	0	1	1	0																				
"RI"	2012	"South Kingstown President"	3212	190	183	7	67	65	2							266	9	257	0	0	0																														
"RI"	2012	"Tiverton 3301"	3301	865	818	47	592	525	67	867	817	50	548	487	61	1476	114	1362	1415	111	1304	1	677	641	36	675	602	73	1441	113	1328	70	926	869	57				1322	95	1227	10	1032	966	66				1047	66	981
"RI"	2012	"Tiverton 3302"	3302	950	913	37	560	535	25	938	901	37	521	497	24	1532	63	1469	1461	61	1400	1	728	701	27	672	642	30	1498	63	1435	70	1042	998	44				1382	56	1326	10	1133	1094	39				1145	39	1106
"RI"	2012	"Tiverton 3303"	3303	536	513	23	275	252	23	527	504	23	265	244	21	833	47	786	793	44	749	1	421	401	20	332	309	23	824	47	777	70	573	546	27				753	39	714	10	628	594	34				633	34	599
"RI"	2012	"Tiverton 3304"	3304	570	538	32	458	434	24	570	533	37	439	420	19	1049	58	991	1013	56	957	1	405	380	25	548	519	29	1025	58	967	70	663	622	41				964	53	911	11				628	589	39	644	40	604
"RI"	2012	"Tiverton 3305"	3305	171	165	6	77	74	3	166	162	4	80	76	4	257	9	248	248	8	240	1	125	121	4	106	102	4	251	8	243	70	166	163	3				233	7	226	12	166	160	6				171	7	164
"RI"	2012	"Tiverton 3306"	3306	840	797	43	566	542	24	841	796	45	536	511	25	1441	69	1372	1379	70	1309	1	660	624	36	645	617	28	1404	69	1335	71	988	940	48				1000	49	951	12	975	928	47				990	47	943
"RI"	2012	"Tiverton 3307"	3307	565	530	35	501	443	58	562	530	32	475	421	54	1086	94	992	1039	86	953	1	434	412	22	567	501	66	1067	90	977	71	681	639	42				697	43	654	12	685	639	46				699	46	653
"RI"	2012	"Tiverton Limited"	3308	0	0	0	0	0	0	0	0	0	0	0	0	0	0	0	0	0	0	1	0	0	0	0	0	0	0	0	0																				
"RI"	2012	"Tiverton President"	3309	76	75	1	27	26	1							104	2	102	0	0	0																														
"RI"	2012	"Warren 3401"	3401	785	712	73	329	299	30	768	693	75	325	299	26	1144	104	1040	1094	101	993	1	621	558	63	419	385	34	1125	100	1025	67	801	734	67	308	277	31	1109	98	1011	10	949	870	79				961	79	882
"RI"	2012	"Warren 3402"	3402	969	920	49	652	604	48	985	936	49	612	557	55	1657	102	1555	1598	104	1494	1	728	691	37	809	750	59	1638	101	1537	67	1024	964	60	584	544	40	1610	100	1510	10	1314	1232	82				1343	85	1258
"RI"	2012	"Warren 3403"	3403	1239	1149	90	677	622	55	1211	1118	93	662	612	50	1956	147	1809	1875	143	1732	1	913	851	62	845	776	69	1923	143	1780	68	1101	1017	84	725	672	53	1830	137	1693	10	1558	1438	120				1593	124	1469
"RI"	2012	"Warren Limited"	3404	1	1	0	1	1	0	1	1	0	1	1	0	2	0	2	2	0	2	1	1	1	0	1	1	0	2	0	2																				
"RI"	2012	"Warren President"	3405	64	64	0	29	29	0							94	0	94	0	0	0																														
"RI"	2012	"Warwick 3501"	3501	1153	1100	53	736	690	46	1095	1039	56	731	691	40	1922	99	1823	1829	96	1733	2	1006	960	46	732	685	47	1909	99	1810	19	1446	1377	69				1490	70	1420	29	1388	1324	64				1462	67	1395
"RI"	2012	"Warwick 3502"	3502	1054	1020	34	658	629	29	1032	995	37	624	597	27	1742	64	1678	1663	64	1599	2	1022	985	37	583	563	20	1721	65	1656	19	1322	1276	46				1358	48	1310	29	1290	1243	47				1352	50	1302
"RI"	2012	"Warwick 3503"	3503	584	564	20	290	276	14	577	558	19	284	268	16	894	34	860	862	35	827	2	559	541	18	270	257	13	887	35	852	19	652	629	23				680	25	655	29	662	641	21				695	25	670
"RI"	2012	"Warwick 3504"	3504	943	905	38	393	375	18	924	886	38	396	379	17	1380	56	1324	1323	55	1268	2	867	830	37	362	344	18	1363	56	1307	19	1084	1039	45				1112	47	1065	31	1050	1010	40				1077	43	1034
"RI"	2012	"Warwick 3505"	3505	431	422	9	207	199	8	429	420	9	206	199	7	656	17	639	636	16	620	2	419	410	9	191	183	8	653	17	636	19	496	483	13				508	13	495	31	497	488	9				508	10	498
"RI"	2012	"Warwick 3506"	3506	405	388	17	215	212	3	410	395	15	214	209	5	642	20	622	627	20	607	2	397	381	16	201	197	4	636	20	616	20	486	470	16				508	17	491	30	412	396	16	125	122	3	621	20	601
"RI"	2012	"Warwick 3507"	3507	192	184	8	121	111	10	186	178	8	122	114	8	324	18	306	308	16	292	2	172	164	8	106	97	9	315	17	298	20	223	212	11				236	11	225	30	159	150	9	75	70	5	295	15	280
"RI"	2012	"Warwick 3508"	3508	920	885	35	453	441	12	928	892	36	451	440	11	1416	48	1368	1382	47	1335	2	877	842	35	419	407	12	1404	48	1356	20	1079	1048	31				1104	31	1073	31	1077	1045	32				1108	32	1076
"RI"	2012	"Warwick 3509"	3509	206	190	16	131	119	12	203	187	16	125	113	12	339	28	311	329	28	301	2	202	190	12	116	103	13	338	28	310	20	252	232	20				255	20	235	31	254	233	21				256	22	234
"RI"	2012	"Warwick 3510"	3510	611	592	19	401	390	11	604	588	16	377	364	13	1028	30	998	983	29	954	2	564	548	16	372	358	14	1018	30	988	20	727	708	19				755	19	736	31	759	737	22				779	22	757
"RI"	2012	"Warwick 3511"	3511	972	867	105	602	563	39	943	853	90	585	545	40	1607	144	1463	1530	130	1400	2	929	837	92	539	501	38	1568	134	1434	20	1104	1017	87				1127	88	1039	31	1132	1043	89				1157	90	1067
"RI"	2012	"Warwick 3512"	3512	644	620	24	354	341	13	643	620	23	339	324	15	1020	37	983	985	38	947	2	649	626	23	288	273	15	1008	38	970	21	784	755	29				802	29	773	29	797	768	29				824	30	794
"RI"	2012	"Warwick 3513"	3513	954	870	84	580	531	49	945	868	77	571	519	52	1574	134	1440	1520	129	1391	2	914	835	79	560	506	54	1561	134	1427	21	1159	1067	92				1188	93	1095	29	1215	1116	99				1251	103	1148
"RI"	2012	"Warwick 3514"	3514	1160	1106	54	660	628	32	1143	1085	58	642	613	29	1862	87	1775	1789	87	1702	2	1048	998	50	634	603	31	1847	85	1762	21	1392	1323	69				1422	71	1351	29	1465	1391	74				1502	75	1427
"RI"	2012	"Warwick 3515"	3515	1148	1100	48	597	565	32	1127	1075	52	583	553	30	1785	84	1701	1715	82	1633	2	1084	1036	48	558	528	30	1758	83	1675	21	1388	1328	60				1435	61	1374	29	1450	1391	59				1490	62	1428
"RI"	2012	"Warwick 3516"	3516	288	277	11	158	148	10	287	277	10	158	148	10	455	21	434	445	20	425	2	262	252	10	154	145	9	449	20	429	22	329	314	15				335	15	320	29	353	339	14				363	14	349
"RI"	2012	"Warwick 3517"	3517	359	343	16	227	222	5	350	337	13	228	220	8	599	22	577	580	21	559	2	352	336	16	202	197	5	592	22	570	22	449	432	17				457	18	439	29	463	445	18				473	19	454
"RI"	2012	"Warwick 3518"	3518	1010	962	48	789	748	41	1021	976	45	739	702	37	1834	90	1744	1762	82	1680	2	973	930	43	734	692	42	1806	87	1719	22	1305	1242	63				1343	64	1279	30	1095	1048	47	426	400	26	1754	85	1669
"RI"	2012	"Warwick 3519"	3519	1074	1021	53	726	689	37	1053	996	57	694	663	31	1841	91	1750	1752	88	1664	2	981	932	49	667	629	38	1807	90	1717	22	1342	1279	63				1396	63	1333	30	1089	1039	50	400	376	24	1756	83	1673
"RI"	2012	"Warwick 3520"	3520	893	875	18	416	410	6	869	852	17	425	418	7	1346	25	1321	1295	24	1271	2	823	805	18	414	411	3	1333	25	1308	22	1038	1016	22				1071	22	1049	30	854	837	17	242	239	3	1298	24	1274
"RI"	2012	"Warwick 3521"	3521	849	793	56	454	425	29	858	792	66	428	407	21	1341	87	1254	1291	87	1204	2	816	752	64	410	389	21	1329	86	1243	23	874	820	54	390	369	21	1269	76	1193	29	1066	997	69				1095	71	1024
"RI"	2012	"Warwick 3522"	3522	665	652	13	327	321	6	635	622	13	336	328	8	1028	20	1008	976	21	955	2	626	610	16	301	296	5	1007	21	986	23	700	686	14	261	254	7	965	21	944	30	612	603	9	197	189	8	971	21	950
"RI"	2012	"Warwick 3523"	3523	1031	995	36	668	642	26	1008	972	36	646	621	25	1737	63	1674	1660	61	1599	2	918	879	39	593	573	20	1721	62	1659	23	1099	1060	39	552	535	17	1659	56	1603	30	949	911	38	307	296	11	1680	59	1621
"RI"	2012	"Warwick 3524"	3524	744	717	27	463	446	17	746	721	25	458	440	18	1242	45	1197	1208	43	1165	2	704	683	21	425	406	19	1225	45	1180	23	791	759	32	390	378	12	1184	44	1140	30	773	740	33	264	253	11	1193	45	1148
"RI"	2012	"Warwick 3525"	3525	821	781	40	489	463	26	785	745	40	506	482	24	1341	68	1273	1294	66	1228	2	742	707	35	468	442	26	1319	68	1251	23	838	797	41	420	396	24	1262	65	1197	30	787	751	36	282	265	17	1276	66	1210
"RI"	2012	"Warwick 3526"	3526	253	232	21	186	176	10	243	224	19	178	167	11	444	31	413	421	30	391	2	243	223	20	162	152	10	434	31	403	24				302	282	20	312	21	291	30	227	211	16	125	114	11	412	29	383
"RI"	2012	"Warwick 3527"	3527	711	672	39	491	478	13	705	667	38	492	478	14	1250	53	1197	1203	52	1151	2	686	644	42	438	427	11	1236	54	1182	24				877	840	37	923	38	885	30	628	597	31	347	330	17	1180	51	1129
"RI"	2012	"Warwick 3528"	3528	360	348	12	236	228	8	353	344	9	217	208	9	605	20	585	571	18	553	2	348	336	12	209	202	7	595	19	576	24				404	386	18	414	18	396	31	446	432	14				461	14	447
"RI"	2012	"Warwick 3529"	3529	730	688	42	531	492	39	733	690	43	499	465	34	1284	81	1203	1234	77	1157	2	715	671	44	478	444	34	1260	79	1181	24				869	817	52	892	55	837	31	919	860	59				935	60	875
"RI"	2012	"Warwick 3530"	3530	967	914	53	733	692	41	945	894	51	710	672	38	1726	96	1630	1658	89	1569	2	943	891	52	679	639	40	1703	94	1609	24				1188	1123	65	1229	68	1161	31	1231	1169	62				1270	65	1205
"RI"	2012	"Warwick 3531"	3531	977	889	88	1077	1003	74	994	908	86	989	921	68	2083	164	1919	1986	155	1831	2	1008	923	85	924	860	64	2052	157	1895	24				1462	1364	98	1509	100	1409	31	1435	1330	105				1482	107	1375
"RI"	2012	"Warwick 3532"	3532	469	442	27	248	232	16	449	426	23	251	232	19	733	43	690	700	42	658	2	423	397	26	250	234	16	718	43	675	26	361	342	19	331	310	21	693	40	653	31	525	500	25				531	25	506
"RI"	2012	"Warwick 3533"	3533	468	427	41	274	256	18	433	396	37	293	274	19	753	60	693	726	56	670	2	412	373	39	277	264	13	740	57	683	27	467	426	41	244	233	11	711	52	659	31	537	492	45				555	45	510
"RI"	2012	"Warwick Limited"	3534	0	0	0	0	0	0	0	0	0	0	0	0	0	0	0	0	0	0	2	0	0	0	0	0	0	0	0	0																				
"RI"	2012	"Warwick President"	3535	402	402	0	136	136	0							547	0	547	0	0	0																														
"RI"	2012	"West Greenwich 3701"	3701	459	442	17	526	497	29	468	451	17	508	478	30	1005	48	957	977	47	930	2	426	411	15	466	439	27	985	48	937	29	478	461	17	487	456	31	966	48	918	21	411	394	17	547	516	31	959	48	911
"RI"	2012	"West Greenwich 3702"	3702	447	430	17	347	327	20	442	424	18	337	319	18	808	37	771	782	36	746	2	431	410	21	314	299	15	794	37	757	29	470	453	17	311	291	20	784	37	747	33	504	479	25	283	271	12	788	37	751
"RI"	2012	"West Greenwich 3703"	3703	308	294	14	360	342	18	305	290	15	362	344	18	686	34	652	667	33	634	2	285	272	13	343	324	19	680	34	646	29	331	316	15	329	310	19	660	34	626	34	282	269	13	376	356	20	659	33	626
"RI"	2012	"West Greenwich 3704"	3704	253	248	5	331	313	18	244	240	4	331	311	20	597	24	573	577	24	553	2	231	226	5	308	292	16	583	23	560	30	181	177	4	302	286	16	563	24	539	33	321	314	7	251	234	17	574	24	550
"RI"	2012	"West Greenwich Limited"	3705	1	1	0	4	4	0	1	1	0	4	4	0	5	0	5	5	0	5	2	3	3	0	2	2	0	5	0	5																				
"RI"	2012	"West Greenwich President"	3706	35	35	0	22	22	0							61	0	61	0	0	0																														
"RI"	2012	"West Warwick 3801"	3801	649	625	24	394	370	24	650	624	26	402	378	24	1077	49	1028	1055	50	1005	2	618	593	25	363	341	22	1057	48	1009	25	814	785	29				838	30	808	9	701	676	25	298	283	15	1023	46	977
"RI"	2012	"West Warwick 3802"	3802	435	418	17	249	240	9	425	409	16	256	248	8	709	26	683	683	24	659	2	415	400	15	226	219	7	691	23	668	25	539	521	18				555	19	536	9	434	419	15	199	194	5	668	23	645
"RI"	2012	"West Warwick 3803"	3803	298	290	8	179	167	12	290	280	10	175	167	8	487	20	467	466	18	448	2	275	262	13	154	147	7	478	20	458	25	367	356	11				379	11	368	9	306	297	9	143	138	5	460	16	444
"RI"	2012	"West Warwick 3804"	3804	1151	1082	69	853	804	49	1205	1137	68	792	745	47	2055	118	1937	2001	115	1886	2	1136	1069	67	750	704	46	2027	117	1910	26	928	883	45	1081	1014	67	2016	113	1903	9	1187	1126	61	729	687	42	1966	111	1855
"RI"	2012	"West Warwick 3805"	3805	463	450	13	248	232	16	464	449	15	243	230	13	723	30	693	708	28	680	2	421	404	17	234	221	13	718	30	688	26	407	394	13	303	286	17	710	30	680	9	482	468	14	198	187	11	697	28	669
"RI"	2012	"West Warwick 3806"	3806	382	353	29	282	265	17	403	371	32	254	240	14	678	47	631	658	46	612	2	380	355	25	239	222	17	664	47	617	26	312	291	21	353	328	25	667	46	621	27	355	327	28	129	123	6	665	46	619
"RI"	2012	"West Warwick 3807"	3807	1155	1094	61	574	535	39	1109	1049	60	591	554	37	1772	101	1671	1702	98	1604	2	1068	1007	61	549	515	34	1735	97	1638	27	1229	1168	61	473	446	27	1706	89	1617	9	1153	1100	53	527	491	36	1691	89	1602
"RI"	2012	"West Warwick 3808"	3808	917	874	43	665	642	23	916	874	42	632	611	21	1614	67	1547	1551	63	1488	2	878	839	39	601	579	22	1587	65	1522	27	1060	1014	46	490	473	17	1554	63	1491	9	993	947	46	528	512	16	1543	64	1479
"RI"	2012	"West Warwick 3809"	3809	717	677	40	507	488	19	731	689	42	470	455	15	1248	59	1189	1202	57	1145	2	700	663	37	448	429	19	1222	59	1163	27	786	746	40	414	396	18	1201	58	1143	9	733	698	35	437	419	18	1183	55	1128
"RI"	2012	"West Warwick 3810"	3810	588	565	23	314	304	10	598	575	23	305	295	10	929	34	895	905	33	872	2	572	551	21	276	266	10	916	34	882	25	732	704	28				748	28	720	9	629	605	24	246	238	8	892	33	859
"RI"	2012	"West Warwick Limited"	3811	63	63	0	29	29	0	11	11	0	6	6	0	92	0	92	17	0	17	2	11	11	0	6	6	0	17	0	17																				
"RI"	2012	"West Warwick President"	3812	138	134	4	38	37	1							183	5	178	0	0	0																														
"RI"	2012	"Westerly 3601"	3601	398	373	25	318	283	35	435	405	30	275	247	28	734	60	674	711	58	653	2	404	373	31	250	222	28	714	60	654	36	436	402	34	163	145	18	682	53	629	38				582	537	45	590	45	545
"RI"	2012	"Westerly 3602"	3602	1065	985	80	621	563	58	1105	1010	95	509	470	39	1716	139	1577	1617	134	1483	2	1016	923	93	475	441	34	1625	136	1489	37	1378	1264	114				1397	116	1281	38				1295	1186	109	1318	110	1208
"RI"	2012	"Westerly 3603"	3603	1042	932	110	661	587	74	1058	945	113	606	538	68	1743	188	1555	1666	181	1485	2	990	887	103	573	504	69	1700	183	1517	37	1358	1218	140				1376	143	1233	38				1347	1204	143	1370	146	1224
"RI"	2012	"Westerly 3604"	3604	842	755	87	894	770	124	876	790	86	789	674	115	1754	213	1541	1667	201	1466	2	826	742	84	755	648	107	1678	200	1478	37	1252	1115	137				1268	137	1131	38				1401	1238	163	1418	164	1254
"RI"	2012	"Westerly 3605"	3605	975	873	102	784	710	74	970	870	100	701	637	64	1784	176	1608	1673	164	1509	2	909	824	85	666	598	68	1723	167	1556	37	1323	1193	130				1342	132	1210	38				1400	1257	143	1418	145	1273
"RI"	2012	"Westerly 3606"	3606	858	801	57	557	524	33	880	822	58	498	468	30	1446	91	1355	1382	89	1293	2	821	772	49	461	427	34	1397	90	1307	38	971	909	62				1336	77	1259	38				1141	1071	70	1155	70	1085
"RI"	2012	"Westerly 3607"	3607	747	685	62	478	442	36	794	724	70	406	380	26	1246	98	1148	1200	96	1104	2	711	649	62	385	361	24	1204	95	1109	38	845	774	71				1166	92	1074	38				980	898	82	998	84	914
"RI"	2012	"Westerly Limited"	3608	1	1	0	2	2	0	0	0	0	1	1	0	3	0	3	1	0	1	2	1	1	0	1	1	0	2	0	2																				
"RI"	2012	"Westerly President"	3609	143	132	11	67	57	10							214	21	193	0	0	0																														
"RI"	2012	"Woonsocket 3901"	3901	160	158	2	57	56	1	160	158	2	54	53	1	222	3	219	214	3	211	1	133	132	1	66	65	1	219	3	216	49	163	161	2				199	3	196	20	186	183	3				187	3	184
"RI"	2012	"Woonsocket 3902"	3902	472	445	27	163	156	7	454	427	27	143	137	6	641	34	607	599	33	566	1	408	384	24	187	176	11	628	36	592	49	521	488	33				602	35	567	24	530	497	33				550	33	517
"RI"	2012	"Woonsocket 3903"	3903	914	881	33	479	462	17	945	911	34	450	435	15	1445	50	1395	1401	49	1352	1	774	746	28	570	551	19	1431	50	1381	49	1074	1032	42				1342	49	1293	24	1137	1093	44				1187	45	1142
"RI"	2012	"Woonsocket 3904"	3904	849	802	47	222	212	10	847	801	46	197	187	10	1098	58	1040	1050	56	994	1	756	716	40	254	242	12	1071	56	1015	49	842	795	47				1021	55	966	24	927	878	49				962	49	913
"RI"	2012	"Woonsocket 3905"	3905	625	611	14	301	291	10	629	617	12	265	256	9	943	24	919	896	21	875	1	531	518	13	333	323	10	920	24	896	50	612	591	21				839	23	816	20	753	732	21				769	21	748
"RI"	2012	"Woonsocket 3906"	3906	639	631	8	329	319	10	655	639	16	305	302	3	999	19	980	960	19	941	1	548	537	11	368	359	9	984	20	964	50	624	611	13				910	20	890	24	762	745	17				794	17	777
"RI"	2012	"Woonsocket 3907"	3907	744	725	19	449	433	16	762	742	20	396	380	16	1218	37	1181	1167	36	1131	1	657	639	18	482	464	18	1206	36	1170	50	762	740	22				1105	29	1076	24	936	912	24				968	27	941
"RI"	2012	"Woonsocket 3908"	3908	710	681	29	503	485	18	740	706	34	427	415	12	1229	47	1182	1170	46	1124	1	582	556	26	560	540	20	1211	48	1163	50	751	718	33				1125	44	1081	24	937	892	45				965	45	920
"RI"	2012	"Woonsocket 3909"	3909	953	902	51	618	598	20	958	912	46	554	530	24	1582	72	1510	1519	70	1449	1	749	710	39	720	693	27	1559	70	1489	51	910	866	44	585	566	19	1514	64	1450	20	1286	1230	56				1318	57	1261
"RI"	2012	"Woonsocket 3910"	3910	911	866	45	561	534	27	972	925	47	489	466	23	1513	74	1439	1468	70	1398	1	736	707	29	659	624	35	1497	69	1428	51	950	905	45	497	477	20	1463	65	1398	20	1215	1157	58				1259	60	1199
"RI"	2012	"Woonsocket 3911"	3911	739	707	32	390	374	16	761	730	31	363	344	19	1161	50	1111	1129	50	1079	1	628	601	27	457	437	20	1148	49	1099	51	780	750	30	329	309	20	1119	50	1069	20	941	898	43				965	44	921
"RI"	2012	"Woonsocket Limited"	3912	6	6	0	0	0	0	1	1	0	0	0	0	6	0	6	1	0	1	1	1	1	0	0	0	0	1	0	1																				
"RI"	2012	"Woonsocket President"	3913	263	262	1	42	41	1							312	2	310	0	0	0																														
